990.608 9199.8 45.58 0.432 1
1503.305 9200.9 49.02 0.378 1
1604.938 2900.0 -128.72 11.991 2
2035.316 9200.1 42.48 0.407 1
2553.938 9199.8 46.79 0.409 1
2573.619 2900.0 -122.19 12.006 2
3056.546 9201.3 47.07 0.393 1
3581.586 9199.8 38.75 0.412 1
3587.986 2900.2 -120.74 11.989 2
4130.186 9199.4 45.88 0.371 1
4636.110 2900.0 -127.12 11.996 2
4669.863 9200.1 43.40 0.442 1
5020.177 12200.6 77.19 3.972 3
5168.270 9200.0 35.48 0.373 1
5651.326 2900.0 -110.59 12.016 2
5652.634 9200.5 49.79 0.418 1
6153.053 9199.5 43.19 0.378 1
6587.751 2899.5 -122.70 12.006 2
6670.086 9200.4 40.74 0.423 1
7127.960 9200.4 43.11 0.392 1
7576.175 2900.0 -113.05 11.982 2
7638.490 9199.7 45.69 0.403 1
8048.924 12200.1 88.99 3.987 3
8123.342 9200.1 52.54 0.401 1
8605.655 2899.5 -123.32 12.003 2
8621.036 9199.6 44.17 0.422 1
9123.429 9201.2 47.36 0.394 1
9578.855 2900.3 -121.15 11.988 2
9631.522 9199.6 51.87 0.341 1
10541.665 2899.9 -114.08 11.976 2
10699.875 9199.5 50.34 0.404 1
11005.586 12200.6 74.46 4.019 3
11666.873 2900.0 -118.48 11.977 2
11762.823 9200.0 48.86 0.415 1
12262.194 9200.4 44.71 0.420 1
12572.213 2899.6 -119.04 12.006 2
12786.981 9199.7 50.37 0.397 1
13325.568 9199.9 39.98 0.370 1
13537.266 2900.4 -118.67 11.999 2
13843.918 9199.3 41.10 0.428 1
14052.223 12200.3 77.69 4.013 3
14334.139 2900.3 -126.83 12.000 2
14341.331 9199.6 51.34 0.422 1
14834.288 9201.4 44.02 0.394 1
15338.845 9200.5 43.21 0.442 1
15388.236 2900.4 -121.95 11.977 2
15860.350 9199.6 45.39 0.393 1
15862.760 12200.1 75.18 3.994 3
16351.109 9199.3 41.55 0.377 1
16471.063 2901.1 -124.78 11.996 2
16861.880 9199.5 51.66 0.397 1
17373.899 9200.0 38.75 0.422 1
17525.912 2900.0 -119.01 11.979 2
17903.420 9200.0 44.25 0.381 1
18424.787 9199.6 46.73 0.439 1
18617.679 2900.6 -122.72 11.981 2
18949.671 9199.4 44.48 0.382 1
19083.292 12199.8 79.49 4.018 3
19449.325 9200.7 40.99 0.419 1
19661.749 2899.9 -120.22 11.997 2
19962.085 9200.2 40.66 0.411 1
20497.684 9199.8 47.13 0.397 1
20696.001 2900.2 -120.39 11.972 2
21051.020 9199.9 39.85 0.422 1
21381.064 12200.0 85.41 3.979 3
21535.543 9199.7 48.23 0.370 1
21568.687 3565.9 173.87 0.820 0
21743.396 2900.2 -120.18 12.013 2
22089.392 9198.5 37.38 0.427 1
22639.038 9200.1 42.23 0.399 1
22716.665 2900.1 -120.17 12.050 2
23174.571 9199.5 45.18 0.389 1
23297.741 12200.4 86.49 3.988 3
23697.183 9199.5 38.74 0.415 1
23835.498 2900.3 -123.26 12.009 2
24205.335 9199.7 48.26 0.421 1
24407.133 8695.7 -53.27 2.626 0
24757.785 9200.4 44.91 0.415 1
24800.640 2899.8 -125.27 11.979 2
25322.792 9199.4 39.82 0.440 1
25654.405 2900.0 -123.32 11.995 2
25883.832 9199.3 37.41 0.422 1
25902.683 7372.2 106.00 5.210 0
26432.710 9200.3 37.17 0.426 1
26739.384 2900.3 -114.64 11.969 2
26957.645 9200.4 45.26 0.389 1
26988.415 12200.3 82.32 4.009 3
27443.437 9199.5 39.22 0.402 1
27924.454 2900.9 -118.13 11.992 2
27959.325 9200.3 38.18 0.411 1
28491.737 9199.9 43.84 0.400 1
28828.439 2899.6 -117.07 12.010 2
28975.528 9200.2 56.39 0.406 1
29345.657 12199.4 76.95 3.998 3
29818.276 2899.1 -113.10 12.012 2
30028.153 9200.4 48.81 0.417 1
30561.554 9200.6 46.06 0.398 1
30749.731 2899.8 -125.90 11.979 2
31047.951 9200.3 48.91 0.393 1
31547.408 9200.3 38.28 0.383 1
31711.673 2900.0 -117.45 12.006 2
32052.497 9198.1 42.85 0.382 1
32435.592 12200.5 77.23 3.988 3
32539.252 9200.1 46.31 0.423 1
32716.282 2900.1 -125.38 12.023 2
33098.737 9200.0 44.91 0.398 1
33592.102 2900.0 -121.67 12.035 2
33602.339 9199.9 44.04 0.416 1
34126.563 9199.7 41.67 0.374 1
34564.336 2900.6 -117.58 11.986 2
34636.099 9200.0 43.71 0.361 1
35049.311 12199.9 76.98 3.950 3
35055.526 11977.9 -102.49 8.045 0
35191.685 9200.2 41.13 0.379 1
35417.739 2900.5 -111.93 11.983 2
35740.695 9199.9 32.89 0.423 1
36272.528 9199.8 39.03 0.421 1
36360.917 2900.0 -123.91 12.001 2
36733.441 9200.6 47.38 0.407 1
37242.310 2899.8 -120.47 11.941 2
37250.741 9199.4 52.79 0.384 1
37710.078 12200.4 84.76 4.013 3
37783.833 9200.5 54.07 0.397 1
38136.404 2899.8 -114.22 11.989 2
38324.933 9200.1 45.48 0.394 1
38825.485 9199.6 49.47 0.393 1
38964.413 2899.8 -127.45 11.995 2
39870.024 9199.5 41.54 0.383 1
40086.348 2899.9 -118.19 11.991 2
40369.486 9200.3 36.51 0.396 1
40908.862 9200.2 45.15 0.430 1
40951.906 12199.7 75.47 4.006 3
41426.089 9199.7 36.19 0.403 1
41945.508 2899.8 -124.41 11.995 2
41992.149 9199.4 43.40 0.428 1
42512.862 9200.2 48.04 0.392 1
42885.825 2899.8 -119.27 11.984 2
43013.032 9200.5 37.90 0.395 1
43427.793 12200.3 84.32 3.965 3
43519.593 9199.9 45.16 0.322 1
43818.781 2899.9 -117.03 12.015 2
44008.314 9200.2 51.20 0.409 1
44492.372 9199.8 46.81 0.411 1
44749.687 2899.9 -124.56 11.982 2
45024.132 9200.0 47.61 0.435 1
45554.661 9199.9 49.53 0.390 1
45604.998 2900.3 -118.10 11.994 2
46103.025 9200.1 53.66 0.402 1
46600.160 9199.2 45.76 0.386 1
46614.130 12199.6 79.84 4.012 3
46680.437 2899.7 -119.13 11.995 2
47158.388 9200.3 51.15 0.376 1
47640.850 2899.8 -126.21 12.011 2
47667.203 9199.9 44.68 0.386 1
48222.563 9200.2 42.27 0.393 1
48687.665 2900.3 -112.23 11.949 2
48727.744 9199.8 46.57 0.427 1
49225.357 9200.2 41.97 0.400 1
49740.341 2899.9 -114.55 11.993 2
49747.601 9199.5 42.13 0.384 1
49804.476 12200.1 80.86 4.000 3
50289.388 9200.6 41.96 0.403 1
50809.413 9199.1 33.52 0.404 1
50877.885 2900.1 -124.30 12.015 2
51310.775 9199.5 45.53 0.386 1
51415.867 7922.1 -165.38 3.488 0
51696.398 2900.3 -122.93 11.993 2
51793.244 9200.1 38.68 0.423 1
52274.206 9200.7 44.46 0.362 1
52802.773 9200.1 52.25 0.396 1
52870.258 2900.2 -116.15 11.969 2
53343.516 9199.9 42.39 0.413 1
53386.700 12199.9 87.56 4.006 3
53855.409 9199.3 42.29 0.373 1
53997.140 2900.1 -122.48 12.007 2
54344.550 9199.9 51.82 0.407 1
54882.376 9200.0 47.73 0.426 1
55054.446 2899.9 -129.20 12.007 2
55366.366 9200.8 49.88 0.409 1
55607.350 8137.1 -170.83 5.297 0
55864.539 9200.3 43.22 0.366 1
56218.594 12199.9 77.62 4.019 3
56292.806 2900.3 -114.76 11.995 2
56396.065 9199.2 48.74 0.385 1
56465.669 6128.8 -152.93 7.143 0
56855.811 9201.0 41.57 0.425 1
57313.304 2900.1 -119.96 11.977 2
57381.470 9199.8 41.62 0.406 1
57882.929 9199.6 47.98 0.400 1
58395.451 2899.7 -110.46 11.985 2
58401.661 9200.7 42.01 0.409 1
58915.769 9200.0 48.84 0.414 1
59321.610 2899.9 -118.21 11.994 2
59436.822 9199.8 56.96 0.386 1
59741.885 12199.7 88.31 3.985 3
59970.176 9200.1 36.57 0.394 1
60435.046 2899.4 -119.05 11.982 2
60467.217 9200.4 41.24 0.403 1
61018.741 9200.5 50.60 0.389 1
61451.828 2899.5 -105.63 11.962 2
61552.893 9199.3 44.27 0.397 1
62089.987 9201.0 50.81 0.426 1
62406.708 2899.1 -120.86 11.985 2
62635.108 9200.5 39.95 0.381 1
63170.798 9199.8 46.66 0.439 1
63602.232 12199.9 72.95 4.014 3
63618.402 2899.7 -124.76 11.999 2
63707.900 9199.6 44.25 0.438 1
64225.790 9199.5 45.70 0.366 1
64587.922 2900.7 -118.85 11.990 2
64706.121 9200.1 46.66 0.397 1
65218.744 9199.7 38.90 0.407 1
65588.808 2899.7 -114.32 11.998 2
65715.507 9199.6 39.63 0.385 1
66195.938 9200.4 52.00 0.385 1
66569.080 2900.4 -125.83 12.002 2
66718.399 9200.2 46.47 0.395 1
66775.943 10188.2 -130.97 6.555 0
67220.186 9199.8 45.53 0.415 1
67395.573 12199.1 75.88 4.014 3
67493.513 2900.0 -124.54 12.018 2
67710.440 9200.4 44.78 0.390 1
68200.365 9200.7 46.78 0.437 1
68546.641 2899.6 -117.75 12.044 2
68723.076 9199.5 39.22 0.406 1
69248.043 9199.7 40.00 0.398 1
69620.482 2900.7 -135.99 12.015 2
69797.104 9200.5 51.52 0.429 1
70312.756 9200.4 45.76 0.413 1
70655.919 2900.3 -125.46 11.972 2
70688.612 12200.4 72.11 4.015 3
70854.802 9200.1 49.25 0.407 1
71405.859 9200.6 41.97 0.393 1
71419.861 2899.1 -116.02 11.947 2
71950.613 9199.5 51.88 0.436 1
72407.480 9199.3 46.73 0.416 1
72520.661 2900.5 -122.93 11.998 2
72954.198 9199.6 47.41 0.396 1
73478.688 9200.1 47.74 0.368 1
73485.637 2899.5 -128.13 12.001 2
73913.195 12200.5 76.27 4.033 3
74005.282 9199.6 41.01 0.407 1
74364.005 2899.9 -110.37 11.977 2
74530.563 9199.8 35.67 0.377 1
75056.132 9199.5 39.63 0.366 1
75424.333 2900.3 -127.05 12.005 2
75580.117 9199.7 53.15 0.394 1
76087.144 9199.5 51.50 0.406 1
76480.618 2899.9 -122.62 11.985 2
76555.604 9200.2 43.27 0.426 1
77068.881 9200.4 43.49 0.406 1
77376.310 2900.6 -121.86 12.008 2
77564.787 9199.8 50.18 0.416 1
78107.791 9199.9 44.16 0.375 1
78337.922 12199.8 82.91 4.013 3
78616.572 9199.7 38.50 0.400 1
78623.554 2900.4 -119.58 11.993 2
79134.659 9200.3 51.33 0.402 1
79502.591 2899.2 -121.85 12.008 2
79629.419 9200.0 47.39 0.417 1
