300.906 8000.8 -27.07 50.022 5
328.672 9199.9 42.68 0.406 1
373.658 2899.9 -119.12 11.989 2
452.336 6499.7 10.76 0.518 3
828.658 2899.9 -114.04 11.988 2
844.672 9200.3 51.15 0.398 1
918.336 6500.7 20.96 0.479 3
940.906 8000.4 -36.39 49.942 5
1283.658 2899.8 -126.33 11.954 2
1360.672 9200.1 39.47 0.376 1
1484.336 6499.7 12.32 0.488 3
1580.906 8000.2 -35.58 49.993 5
1738.658 2898.7 -122.47 12.002 2
1876.672 9199.7 50.15 0.352 1
1950.336 6499.9 11.54 0.509 3
2193.658 2899.6 -124.46 11.975 2
2220.906 7999.2 -25.91 49.968 5
2392.672 9200.2 45.88 0.410 1
2516.336 6500.6 10.01 0.498 3
2648.658 2899.9 -122.66 11.998 2
2683.054 9544.3 140.40 23.431 0
2860.906 8000.1 -26.76 49.986 5
2908.672 9200.7 40.98 0.394 1
2982.336 6500.2 9.14 0.488 3
3103.658 2900.8 -123.46 12.029 2
3424.672 9200.5 43.55 0.389 1
3500.906 7999.3 -27.41 50.015 5
3548.336 6500.1 16.16 0.450 3
3558.658 2900.1 -120.60 11.990 2
3588.423 6122.7 89.08 15.645 0
3940.672 9199.6 40.40 0.395 1
3991.207 12200.1 85.57 3.998 4
4013.658 2900.7 -120.09 11.989 2
4014.336 6500.1 5.04 0.513 3
4140.906 7999.8 -25.80 49.996 5
4327.719 3676.1 -175.15 46.116 0
4468.658 2899.8 -120.20 12.027 2
4580.336 6499.3 9.37 0.506 3
4780.906 8000.1 -32.77 49.991 5
4803.301 3805.4 -133.61 28.070 0
4923.658 2899.9 -122.78 12.011 2
4972.672 9199.7 46.74 0.399 1
5046.336 6499.8 4.52 0.465 3
5378.658 2898.1 -119.06 12.020 2
5484.906 7999.8 -27.18 50.026 5
5488.672 9200.0 42.22 0.402 1
5612.336 6499.5 10.44 0.512 3
5833.658 2900.2 -115.62 11.993 2
6004.672 9198.8 39.49 0.370 1
6078.336 6500.1 10.60 0.500 3
6288.658 2900.3 -124.51 12.015 2
6520.672 9199.9 46.51 0.433 1
6526.515 9856.1 -133.00 8.368 0
6644.336 6499.7 14.60 0.506 3
6743.658 2900.9 -120.00 11.986 2
6892.906 7999.9 -29.69 49.998 5
7036.672 9199.4 49.79 0.418 1
7110.336 6500.0 15.99 0.519 3
7198.658 2899.8 -120.37 11.986 2
7552.672 9199.6 44.43 0.421 1
7596.906 7999.2 -25.35 50.011 5
7653.658 2900.0 -117.66 12.012 2
7676.336 6500.0 13.32 0.485 3
7829.594 12200.7 82.05 3.989 4
8068.672 9199.7 47.09 0.401 1
8108.658 2899.6 -120.32 11.988 2
8142.336 6500.0 18.11 0.514 3
8300.906 7999.5 -33.38 50.000 5
8563.658 2899.4 -120.08 12.015 2
8584.672 9199.8 43.12 0.418 1
8708.336 6500.0 17.94 0.514 3
9004.906 7999.4 -20.24 49.977 5
9018.658 2899.6 -124.96 12.048 2
9100.672 9200.2 45.34 0.407 1
9174.336 6499.7 11.58 0.515 3
9473.658 2899.8 -119.89 11.966 2
9616.672 9200.5 43.54 0.412 1
9708.906 7999.8 -24.33 50.000 5
9740.336 6499.5 11.87 0.533 3
9748.841 11396.8 1.85 3.221 0
10132.672 9199.9 46.47 0.397 1
10206.336 6499.7 0.32 0.513 3
10383.658 2900.0 -117.42 12.022 2
10391.530 12200.3 78.70 4.005 4
10444.906 8000.6 -23.14 50.016 5
10648.672 9200.7 37.45 0.371 1
10772.336 6500.5 11.60 0.489 3
10838.658 2899.6 -120.52 11.997 2
11164.672 9199.7 48.22 0.421 1
11180.906 8000.3 -31.06 50.007 5
11238.336 6500.2 9.97 0.536 3
11293.658 2900.1 -119.80 12.023 2
11680.672 9200.2 43.85 0.361 1
11748.658 2900.1 -124.46 11.980 2
11804.336 6500.3 1.56 0.478 3
11916.906 8000.2 -36.94 50.006 5
12196.672 9200.5 46.79 0.395 1
12203.658 2899.7 -115.98 12.007 2
12270.336 6500.7 7.84 0.491 3
12652.906 7999.4 -33.49 50.006 5
12658.658 2900.6 -116.54 11.997 2
12712.672 9200.0 43.30 0.396 1
12836.336 6499.4 14.79 0.481 3
13113.658 2899.1 -115.69 12.003 2
13228.672 9199.6 46.60 0.379 1
13302.336 6500.3 3.81 0.498 3
13388.906 8001.2 -27.24 50.003 5
13568.658 2899.9 -108.86 12.007 2
13744.672 9199.5 39.64 0.412 1
13851.250 5338.9 -1.02 10.181 0
13868.336 6499.5 16.46 0.522 3
13997.884 12199.5 88.79 4.011 4
14023.658 2900.3 -120.26 11.976 2
14124.906 8000.0 -31.40 49.975 5
14260.672 9199.8 50.95 0.396 1
14478.658 2899.3 -113.98 11.979 2
14764.906 8001.2 -26.39 49.994 5
14776.672 9200.1 36.48 0.391 1
14900.336 6500.2 8.86 0.509 3
14932.296 3622.6 -121.36 21.488 0
14933.658 2900.2 -120.62 12.028 2
15292.672 9199.5 39.80 0.410 1
15366.336 6500.8 9.29 0.488 3
15388.658 2900.6 -118.03 12.006 2
15404.906 7999.6 -29.25 50.009 5
15808.672 9199.9 46.18 0.390 1
15843.658 2900.2 -118.17 12.002 2
15932.336 6499.6 14.15 0.489 3
16044.906 7999.7 -32.95 49.938 5
16298.658 2899.2 -118.68 11.999 2
16324.672 9199.9 52.31 0.428 1
16398.336 6500.0 2.84 0.488 3
16623.007 12200.3 71.64 4.011 4
16684.906 8001.3 -25.33 50.015 5
16753.658 2899.6 -116.71 12.007 2
16840.672 9200.3 46.39 0.407 1
16964.336 6500.6 20.20 0.519 3
17208.658 2900.6 -121.52 11.977 2
17324.906 7999.5 -23.24 50.007 5
17356.672 9200.1 43.76 0.391 1
17430.336 6499.3 5.93 0.482 3
17663.658 2900.1 -119.80 11.980 2
17872.672 9200.2 37.87 0.361 1
17906.631 3798.0 -24.61 20.371 0
17964.906 8000.2 -33.66 49.978 5
17996.336 6500.2 6.17 0.517 3
18118.658 2900.0 -117.32 12.026 2
18388.672 9199.7 44.04 0.374 1
18462.336 6499.8 16.10 0.499 3
18489.746 12199.9 84.90 4.006 4
18573.658 2900.2 -111.26 12.003 2
18604.906 7999.8 -27.44 49.985 5
18904.672 9199.9 44.90 0.422 1
19028.336 6499.6 13.95 0.503 3
19028.658 2900.4 -124.21 12.017 2
19308.906 7999.6 -29.22 49.996 5
19420.672 9200.4 53.45 0.399 1
19483.658 2899.6 -129.03 11.988 2
19494.336 6500.1 16.63 0.530 3
19936.672 9200.7 48.11 0.394 1
19938.658 2899.9 -122.42 12.028 2
20012.906 8001.1 -28.60 50.008 5
20060.336 6500.3 15.23 0.490 3
20393.658 2900.1 -119.55 12.007 2
20452.672 9199.4 37.35 0.433 1
20526.336 6499.5 11.88 0.533 3
20716.906 7999.5 -30.52 49.993 5
20848.658 2899.7 -119.13 12.010 2
20968.672 9200.8 55.13 0.374 1
21092.336 6500.2 3.62 0.472 3
21303.658 2899.9 -119.54 12.011 2
21310.800 12199.8 82.54 4.015 4
21420.906 8000.4 -36.26 50.023 5
21484.672 9200.7 43.02 0.388 1
21558.336 6500.1 7.64 0.484 3
21758.658 2900.6 -114.09 11.984 2
22000.672 9200.4 40.60 0.391 1
22124.336 6499.4 10.99 0.468 3
22124.906 8000.6 -22.95 50.008 5
22213.658 2899.5 -115.12 11.963 2
22305.028 10407.0 88.15 14.151 0
22516.672 9200.1 52.37 0.412 1
22590.336 6500.8 9.91 0.485 3
22668.658 2901.0 -120.25 11.979 2
22828.906 7999.5 -35.22 49.984 5
23032.672 9199.8 44.75 0.387 1
23123.658 2900.9 -122.35 12.033 2
23156.336 6500.5 -0.26 0.512 3
23532.906 7999.1 -34.35 49.991 5
23548.672 9200.7 43.16 0.388 1
23578.658 2899.1 -121.73 12.026 2
23622.336 6499.6 15.22 0.515 3
24033.658 2899.9 -121.78 11.993 2
24064.672 9201.0 46.09 0.368 1
24188.336 6499.7 18.66 0.506 3
24268.906 7999.1 -26.72 50.005 5
24473.868 12199.6 82.96 4.019 4
24488.658 2900.2 -121.13 11.994 2
24580.672 9200.9 49.22 0.415 1
24654.336 6500.4 17.32 0.505 3
24943.658 2899.6 -127.86 12.021 2
25004.906 7999.6 -29.10 50.015 5
25096.672 9200.7 49.97 0.416 1
25220.336 6499.8 4.91 0.477 3
25398.658 2899.6 -122.31 11.997 2
25589.864 5793.6 -50.15 17.794 0
25612.672 9200.2 38.12 0.390 1
25686.336 6499.1 12.18 0.473 3
25724.451 7669.6 -161.12 23.728 0
25740.906 8000.1 -33.98 50.014 5
25853.658 2899.9 -122.12 11.974 2
26128.672 9199.4 54.99 0.403 1
26252.336 6500.5 -0.63 0.506 3
26308.658 2900.4 -120.94 12.025 2
26476.906 8000.2 -33.29 49.998 5
26644.672 9200.0 49.73 0.374 1
26718.336 6500.0 18.45 0.527 3
26763.658 2899.7 -121.27 12.010 2
26912.908 9832.8 -85.72 2.097 0
27160.672 9200.3 43.10 0.391 1
27212.906 7999.9 -30.79 50.003 5
27218.658 2900.9 -116.64 11.950 2
27284.336 6501.0 0.30 0.493 3
27540.644 12200.0 81.33 3.978 4
27673.658 2900.1 -122.66 11.994 2
27676.672 9199.4 40.91 0.428 1
27750.336 6500.2 12.05 0.475 3
27948.906 7999.9 -32.18 49.999 5
28128.658 2899.9 -122.19 12.003 2
28192.672 9200.2 40.15 0.403 1
28316.336 6500.1 15.81 0.469 3
28583.658 2900.7 -117.29 12.010 2
28588.906 8000.5 -26.77 50.016 5
28708.672 9200.2 45.62 0.446 1
28782.336 6501.4 16.46 0.486 3
28813.900 5498.3 178.13 42.468 0
29038.658 2900.3 -121.18 12.003 2
29224.672 9200.3 41.76 0.384 1
29228.906 8000.4 -35.82 49.980 5
29348.336 6499.9 11.72 0.532 3
29493.658 2900.2 -118.92 11.987 2
29740.672 9199.4 41.18 0.412 1
29814.336 6499.5 2.87 0.496 3
29868.906 8000.2 -28.18 50.012 5
29948.658 2899.8 -116.65 11.998 2
30256.672 9199.7 49.06 0.396 1
30380.336 6500.1 9.49 0.479 3
30403.658 2900.9 -117.89 12.006 2
30508.906 7999.7 -22.35 49.963 5
30592.443 12200.0 81.03 3.992 4
30772.672 9199.8 46.82 0.411 1
30846.336 6500.6 8.66 0.488 3
31148.906 8000.4 -28.99 50.009 5
31288.672 9199.4 43.03 0.400 1
31313.658 2899.9 -120.98 11.993 2
31412.336 6499.4 11.84 0.490 3
31768.658 2899.2 -116.59 12.025 2
31788.906 8000.1 -34.44 50.005 5
31804.672 9200.9 48.67 0.389 1
31878.336 6499.5 14.94 0.505 3
32223.658 2900.2 -119.12 11.981 2
32320.672 9199.8 51.84 0.383 1
32428.906 7999.6 -33.62 50.000 5
32444.336 6500.2 13.31 0.487 3
32678.658 2899.4 -122.52 11.993 2
32836.672 9200.2 39.53 0.461 1
32910.336 6498.4 20.61 0.482 3
33132.906 7999.7 -29.78 49.957 5
33133.658 2899.1 -120.75 11.959 2
33352.672 9199.9 41.98 0.398 1
33398.050 11207.9 -112.82 24.116 0
33476.336 6499.5 13.31 0.496 3
33588.658 2899.9 -126.09 12.011 2
33740.654 12199.8 84.65 4.017 4
33836.906 8000.6 -33.12 50.031 5
33868.672 9200.8 49.71 0.360 1
33942.336 6500.4 8.06 0.509 3
34043.658 2900.1 -124.81 12.017 2
34384.672 9200.7 48.59 0.387 1
34498.658 2900.6 -129.41 12.011 2
34508.336 6499.7 18.15 0.514 3
34540.906 8000.9 -23.83 50.018 5
34900.672 9200.3 46.13 0.414 1
34953.658 2900.1 -123.40 12.018 2
34974.336 6499.2 8.43 0.511 3
35244.906 7999.7 -39.20 50.001 5
35408.658 2900.4 -113.32 12.009 2
35416.672 9198.9 50.81 0.390 1
35540.336 6501.0 11.41 0.491 3
35863.658 2899.4 -122.78 12.007 2
35932.672 9200.0 39.56 0.427 1
35948.906 7999.0 -21.81 50.009 5
36006.336 6499.3 10.90 0.466 3
36318.658 2900.0 -116.06 12.009 2
36448.672 9200.3 37.60 0.420 1
36572.336 6499.7 -1.47 0.484 3
36652.906 8000.3 -40.12 49.981 5
36773.658 2900.1 -120.02 11.995 2
36848.932 12199.3 74.23 4.010 4
36964.672 9200.5 40.67 0.397 1
37038.336 6499.8 11.38 0.506 3
37228.658 2900.4 -123.50 12.024 2
37322.936 3526.3 140.09 8.564 0
37356.906 7999.5 -30.21 50.010 5
37480.672 9199.7 45.61 0.391 1
37604.336 6500.0 11.45 0.473 3
37683.658 2900.1 -113.31 11.993 2
37996.672 9200.9 41.02 0.380 1
38070.336 6499.8 8.95 0.505 3
38092.906 8000.4 -35.41 50.031 5
38138.658 2900.4 -117.09 11.971 2
38512.672 9199.3 42.56 0.386 1
38593.658 2899.7 -128.76 12.017 2
38636.336 6500.0 9.29 0.488 3
38828.906 7999.8 -25.90 49.976 5
39028.672 9199.7 40.12 0.371 1
39048.658 2900.2 -114.79 12.037 2
39102.336 6500.0 3.58 0.488 3
39503.658 2900.2 -125.37 11.981 2
39544.672 9200.5 41.90 0.424 1
39564.906 8001.1 -33.87 50.054 5
39668.336 6500.0 10.41 0.522 3
39740.913 12199.1 73.77 4.005 4
39958.658 2899.4 -120.89 11.998 2
40060.672 9200.0 39.98 0.432 1
40134.336 6500.0 17.51 0.504 3
40300.906 8000.1 -35.67 49.991 5
40413.658 2900.1 -116.66 11.986 2
40576.672 9201.0 46.84 0.375 1
40868.658 2899.8 -121.50 11.992 2
41036.906 8000.5 -31.70 50.017 5
41092.672 9200.1 48.97 0.376 1
41166.336 6500.2 7.39 0.481 3
41323.658 2899.0 -114.41 12.001 2
41450.363 4159.0 49.88 44.202 0
41608.672 9199.7 42.60 0.365 1
41732.336 6499.3 6.96 0.523 3
41772.906 7999.4 -32.06 49.983 5
41778.658 2900.5 -116.19 11.975 2
42124.672 9199.8 43.96 0.381 1
42198.336 6498.9 20.09 0.518 3
42233.658 2899.8 -127.88 11.994 2
42412.906 7998.6 -39.68 50.008 5
42440.222 12200.1 80.81 4.013 4
42640.672 9199.5 42.09 0.338 1
42688.658 2899.6 -122.36 11.971 2
42764.336 6500.7 3.22 0.440 3
43052.906 8000.1 -27.73 49.975 5
43143.658 2899.8 -118.59 11.989 2
43156.672 9199.4 47.66 0.377 1
43230.336 6499.4 14.22 0.498 3
43353.270 11235.8 -108.21 26.925 0
43433.253 4443.7 -145.92 2.285 0
43598.658 2900.1 -122.87 11.976 2
43672.672 9200.3 45.45 0.426 1
43692.906 8000.1 -41.96 49.987 5
43796.336 6500.1 10.56 0.531 3
44053.658 2900.8 -121.08 11.979 2
44188.672 9200.3 52.97 0.393 1
44262.336 6499.6 19.60 0.516 3
44332.906 8000.4 -24.12 49.995 5
44508.658 2899.9 -116.00 11.966 2
44704.672 9200.6 39.52 0.417 1
44828.336 6499.7 16.56 0.491 3
44963.658 2900.2 -118.42 12.024 2
44967.520 6075.7 -42.29 19.064 0
44967.648 5174.2 23.44 17.144 0
44972.906 7999.7 -31.65 49.987 5
45220.672 9199.6 46.81 0.390 1
45289.307 9618.3 -56.57 11.072 0
45294.336 6500.2 9.56 0.495 3
45307.322 12200.1 80.26 4.019 4
45418.658 2900.7 -124.60 12.010 2
45555.682 7598.6 133.97 28.874 0
45612.906 7999.4 -25.23 49.995 5
45736.672 9200.8 47.22 0.435 1
45860.336 6499.5 2.29 0.474 3
45873.658 2900.3 -119.13 11.962 2
46252.672 9199.9 43.20 0.404 1
46252.906 7999.2 -33.00 50.020 5
46326.336 6500.2 17.15 0.504 3
46328.658 2900.5 -123.06 11.988 2
46768.672 9200.8 47.92 0.392 1
46783.658 2899.8 -126.08 11.987 2
46892.336 6500.2 17.29 0.464 3
46956.906 8000.3 -33.97 49.974 5
47238.658 2900.4 -125.65 11.986 2
47284.672 9199.8 37.81 0.451 1
47358.336 6500.6 4.48 0.480 3
47660.906 8000.4 -26.74 49.976 5
47693.658 2900.0 -118.57 11.971 2
47800.672 9199.6 55.59 0.394 1
47924.336 6499.8 13.73 0.522 3
48131.486 12201.1 80.82 3.983 4
48148.658 2900.5 -120.14 12.015 2
48316.672 9200.1 38.29 0.376 1
48364.906 7999.6 -32.92 50.001 5
48390.336 6500.5 6.00 0.500 3
48603.658 2899.5 -119.97 11.992 2
48832.672 9200.5 49.60 0.404 1
48956.336 6500.9 6.12 0.493 3
49058.658 2899.6 -125.73 12.009 2
49068.906 7999.7 -37.74 49.989 5
49348.672 9200.1 39.39 0.399 1
49422.336 6500.8 1.95 0.498 3
49513.658 2900.6 -120.92 12.011 2
49772.906 7999.6 -30.44 49.980 5
49864.672 9199.7 50.75 0.421 1
49968.658 2899.9 -125.19 12.028 2
49988.336 6500.3 14.66 0.555 3
50380.672 9199.3 43.08 0.382 1
50423.658 2899.8 -124.63 11.964 2
50454.336 6500.2 11.36 0.521 3
50476.906 7999.1 -36.89 50.003 5
50878.658 2900.0 -120.83 12.035 2
50896.672 9199.3 45.79 0.416 1
50980.024 12199.9 87.95 3.975 4
51020.336 6501.4 12.47 0.484 3
51180.906 8000.1 -30.06 49.989 5
51333.658 2899.7 -126.92 12.025 2
51412.672 9200.3 45.27 0.417 1
51486.336 6501.1 17.26 0.533 3
51916.906 8000.4 -23.11 50.007 5
51928.672 9200.5 50.50 0.387 1
52052.336 6499.6 13.34 0.498 3
52243.658 2899.4 -107.57 12.048 2
52444.672 9199.9 43.39 0.403 1
52518.336 6500.5 12.92 0.515 3
52652.906 7999.9 -25.19 49.999 5
52698.658 2899.9 -117.71 12.004 2
52960.672 9199.5 30.16 0.383 1
53084.336 6500.3 13.75 0.488 3
53153.658 2900.2 -125.21 12.016 2
53388.906 7999.3 -29.99 49.996 5
53428.548 12200.5 77.10 3.977 4
53476.672 9200.4 41.20 0.447 1
53550.336 6500.0 4.68 0.481 3
53608.658 2899.9 -121.36 11.985 2
53992.672 9199.4 45.92 0.386 1
54063.658 2899.6 -127.78 12.023 2
54116.336 6500.1 9.83 0.516 3
54124.906 7999.9 -30.83 49.999 5
54508.672 9199.6 42.80 0.391 1
54518.658 2899.6 -121.89 12.003 2
54582.336 6500.2 3.97 0.485 3
54860.906 8000.7 -31.58 50.020 5
54973.658 2900.2 -117.46 11.991 2
55024.672 9200.3 48.85 0.379 1
55148.336 6500.5 5.50 0.484 3
55428.658 2899.5 -117.05 12.042 2
55540.672 9198.9 50.08 0.393 1
55596.906 8001.1 -33.19 50.026 5
55614.336 6500.1 9.54 0.518 3
55883.658 2900.3 -125.16 11.994 2
56056.672 9200.2 44.26 0.400 1
56157.250 12200.6 83.76 4.037 4
56180.336 6500.2 15.31 0.477 3
56236.906 8000.1 -28.22 49.997 5
56338.658 2899.2 -118.50 12.000 2
56400.971 8709.2 48.68 13.953 0
56572.672 9199.7 37.55 0.415 1
56646.336 6500.7 20.29 0.472 3
56793.658 2899.7 -114.22 11.996 2
56876.906 7999.6 -30.79 49.979 5
57088.672 9200.1 51.92 0.388 1
57212.336 6500.2 4.57 0.511 3
57248.658 2900.0 -111.22 11.985 2
57516.906 7999.0 -31.91 49.970 5
57604.672 9200.0 50.42 0.396 1
57623.198 6306.8 -29.35 16.746 0
57678.336 6500.3 10.87 0.461 3
57703.658 2899.4 -123.50 12.011 2
58120.672 9200.1 43.50 0.372 1
58156.906 7999.2 -28.65 49.955 5
58158.658 2900.3 -124.32 12.015 2
58244.336 6500.5 9.65 0.485 3
58613.658 2900.0 -119.73 12.007 2
58636.672 9200.3 55.54 0.383 1
58710.336 6500.8 12.64 0.493 3
59068.658 2899.5 -134.64 11.953 2
59152.672 9199.6 43.26 0.455 1
59198.364 12200.0 81.92 3.979 4
59276.336 6500.6 12.91 0.473 3
59436.906 8000.1 -20.22 49.983 5
59523.658 2899.2 -122.66 12.020 2
59668.672 9200.7 39.31 0.421 1
59742.336 6500.2 11.81 0.478 3
59941.710 6701.2 -174.11 32.545 0
59978.658 2899.2 -121.35 11.993 2
60076.906 8000.1 -26.85 49.999 5
60184.672 9200.4 44.22 0.384 1
60308.336 6500.1 5.16 0.513 3
60433.658 2900.0 -122.30 11.976 2
60700.672 9200.4 50.39 0.373 1
60774.336 6499.4 11.97 0.506 3
60780.906 7999.9 -36.97 49.962 5
60888.658 2899.4 -127.92 12.012 2
61216.672 9200.6 40.31 0.380 1
61340.336 6500.1 14.46 0.481 3
61343.658 2899.3 -121.23 12.011 2
61484.906 7999.2 -29.42 50.029 5
61732.672 9200.4 54.76 0.400 1
61798.658 2899.9 -123.88 11.979 2
61806.336 6499.5 7.43 0.511 3
62188.906 7999.2 -35.65 50.021 5
62248.672 9200.4 40.52 0.401 1
62253.658 2901.1 -116.21 12.049 2
62372.336 6499.5 19.89 0.530 3
62586.171 12050.3 9.88 24.404 0
62708.658 2900.1 -124.59 11.976 2
62764.672 9200.0 49.77 0.385 1
62838.336 6500.3 8.83 0.474 3
62892.906 8000.1 -32.70 50.025 5
63163.658 2900.4 -121.41 11.965 2
63280.672 9199.3 47.72 0.374 1
63404.336 6499.9 6.83 0.501 3
63596.906 7999.6 -34.48 49.990 5
63618.658 2900.1 -121.16 11.977 2
63796.672 9199.9 44.23 0.428 1
63870.336 6500.2 11.48 0.540 3
64073.658 2900.4 -117.16 12.028 2
64300.906 8000.7 -24.54 50.005 5
64312.672 9199.6 50.40 0.409 1
64436.336 6499.7 8.71 0.512 3
64528.658 2899.3 -132.73 11.996 2
64828.672 9199.3 37.50 0.393 1
64902.336 6500.6 3.16 0.516 3
64983.658 2899.8 -121.70 11.993 2
65004.906 7999.3 -39.60 49.981 5
65321.059 12199.8 72.99 3.996 4
65344.672 9200.1 51.79 0.396 1
65438.658 2900.1 -116.20 11.999 2
65468.336 6500.1 9.87 0.496 3
65740.906 8000.8 -31.77 50.031 5
65860.672 9199.7 44.68 0.389 1
65893.658 2900.0 -121.81 11.988 2
65934.336 6500.6 17.98 0.484 3
66348.658 2899.9 -127.63 11.986 2
66376.672 9199.5 42.29 0.341 1
66476.906 7999.7 -38.25 49.976 5
66500.336 6500.3 20.01 0.523 3
66803.658 2899.7 -118.37 11.987 2
66892.672 9199.5 48.75 0.402 1
66966.336 6500.1 7.16 0.513 3
67212.906 8000.1 -30.10 49.990 5
67258.658 2899.9 -118.32 12.014 2
67408.672 9200.1 50.30 0.379 1
67532.336 6499.8 14.53 0.499 3
67713.658 2899.6 -121.35 12.020 2
67924.672 9200.2 48.85 0.380 1
67948.906 8000.1 -31.59 50.028 5
67998.336 6500.0 10.66 0.491 3
68168.658 2898.8 -125.80 11.979 2
68229.229 12200.9 77.27 4.021 4
68440.672 9200.7 55.00 0.387 1
68564.336 6500.4 11.42 0.465 3
68623.658 2899.4 -123.70 12.005 2
68684.906 7999.8 -37.03 50.050 5
68956.672 9200.0 50.40 0.415 1
69030.336 6500.3 16.34 0.503 3
69078.658 2900.2 -121.57 12.016 2
69420.906 7999.0 -22.80 49.998 5
69472.672 9200.5 51.42 0.377 1
69533.658 2900.8 -124.38 11.978 2
69596.336 6499.4 14.26 0.486 3
69988.658 2900.9 -129.60 11.990 2
69988.672 9200.7 42.30 0.371 1
70060.906 7999.8 -22.18 49.992 5
70062.336 6500.5 10.77 0.497 3
70443.658 2900.0 -123.85 11.979 2
70504.672 9200.6 45.53 0.413 1
70628.336 6499.9 5.36 0.513 3
70700.906 8000.8 -32.82 49.950 5
70898.658 2900.4 -120.31 11.974 2
71020.672 9198.8 47.81 0.415 1
71094.336 6500.4 4.38 0.516 3
71340.906 7999.4 -27.39 50.034 5
71353.658 2900.5 -122.54 12.002 2
71496.454 12199.2 77.72 3.965 4
71536.672 9200.6 44.91 0.381 1
71660.336 6499.7 9.68 0.514 3
71808.658 2899.7 -120.38 11.985 2
71980.906 7999.1 -30.74 50.006 5
72052.672 9200.2 46.51 0.411 1
72126.336 6500.3 11.62 0.545 3
72263.658 2899.2 -119.58 12.013 2
72568.672 9200.2 47.13 0.394 1
72620.906 7999.9 -28.78 49.962 5
72692.336 6499.6 12.52 0.523 3
72718.658 2900.0 -115.52 11.999 2
73084.672 9200.2 49.22 0.406 1
73158.336 6500.1 13.91 0.485 3
73173.658 2899.1 -108.98 12.008 2
73260.906 7999.8 -22.34 50.017 5
73432.488 5505.1 -131.31 23.051 0
73628.658 2899.8 -116.34 11.994 2
73724.336 6499.9 14.90 0.484 3
73900.906 7999.4 -31.34 50.012 5
74083.658 2900.3 -127.02 11.987 2
74116.672 9200.2 43.25 0.417 1
74190.336 6499.9 -2.02 0.547 3
74538.658 2899.3 -133.28 11.998 2
74604.906 7999.6 -21.04 49.993 5
74632.672 9199.8 40.86 0.424 1
74903.688 12200.0 86.60 3.999 4
74993.658 2900.0 -120.47 12.000 2
75148.672 9199.0 40.54 0.413 1
75222.336 6499.9 4.76 0.499 3
75308.906 7999.8 -31.44 49.989 5
75448.658 2900.6 -119.64 11.986 2
75664.672 9199.9 50.86 0.411 1
75788.336 6499.1 15.57 0.535 3
75903.658 2900.2 -125.81 12.009 2
76012.906 7999.8 -30.47 50.015 5
76180.672 9199.6 44.58 0.325 1
76234.858 11406.5 167.79 43.141 0
76254.336 6500.4 11.68 0.534 3
76358.658 2900.3 -118.64 12.015 2
76696.672 9200.5 48.93 0.405 1
76716.906 8000.1 -20.55 50.005 5
76813.658 2900.5 -123.83 12.003 2
76820.336 6500.5 13.15 0.499 3
77212.672 9199.9 38.51 0.399 1
77268.658 2900.9 -117.99 12.034 2
77286.336 6499.8 7.30 0.505 3
77420.906 8000.4 -28.62 50.010 5
77526.864 9942.0 -56.50 32.644 0
77723.658 2900.1 -121.63 11.987 2
77728.672 9200.0 35.31 0.397 1
77852.336 6499.3 11.41 0.467 3
78124.906 8000.2 -40.16 50.025 5
78178.658 2900.6 -118.01 12.010 2
78182.485 3335.8 122.48 8.397 0
78243.728 12200.7 75.90 4.024 4
78244.672 9199.6 39.75 0.387 1
78318.336 6499.7 0.66 0.482 3
78633.658 2900.0 -128.72 11.992 2
78760.672 9199.7 50.73 0.401 1
78828.906 8000.2 -28.88 50.024 5
78884.336 6500.5 15.48 0.493 3
79276.672 9200.0 50.34 0.408 1
79350.336 6500.3 8.35 0.500 3
79543.658 2900.2 -120.74 11.983 2
79564.906 8000.8 -36.41 50.015 5
79792.672 9199.3 46.66 0.395 1
79916.336 6499.8 -2.95 0.494 3
79998.658 2899.7 -127.12 12.022 2
