286.633 9199.9 39.64 0.418 1
337.597 6499.0 11.60 0.513 3
360.477 2900.0 -118.83 12.015 2
736.633 9200.3 50.95 0.421 1
826.477 2900.2 -124.15 12.048 2
937.597 6499.6 9.97 0.494 3
1236.633 9200.1 36.48 0.401 1
1287.597 6500.0 1.56 0.518 3
1392.477 2900.4 -114.42 11.966 2
1687.597 6499.7 7.84 0.479 3
1858.477 2899.6 -119.12 11.985 2
2137.597 6500.0 14.79 0.488 3
2186.633 9200.2 46.18 0.407 1
2424.477 2899.9 -114.04 12.022 2
2636.633 9200.7 52.31 0.412 1
2737.597 6500.0 3.81 0.509 3
2890.477 2900.1 -126.33 11.997 2
3087.597 6500.4 16.46 0.498 3
3136.633 9200.5 46.39 0.397 1
3456.477 2899.7 -122.47 12.023 2
3487.597 6501.1 12.37 0.488 3
3586.633 9199.6 43.76 0.371 1
3922.477 2899.9 -124.46 11.980 2
3937.597 6500.4 8.86 0.450 3
4086.633 9199.4 37.87 0.421 1
4488.477 2900.6 -122.66 12.007 2
4536.633 9199.7 44.04 0.361 1
4537.597 6499.3 9.29 0.513 3
4887.597 6498.7 14.15 0.506 3
4954.477 2899.5 -123.46 11.997 2
5036.633 9200.0 44.90 0.395 1
5287.597 6500.0 2.84 0.465 3
5486.633 9198.8 53.45 0.396 1
5520.477 2901.0 -120.60 12.003 2
5737.597 6500.0 20.20 0.512 3
5986.477 2900.9 -120.09 12.007 2
5986.633 9199.9 48.11 0.379 1
6337.597 6499.4 5.93 0.500 3
6436.633 9199.4 37.35 0.412 1
6552.477 2899.1 -120.20 11.976 2
6687.597 6500.1 6.17 0.506 3
6936.633 9199.6 55.13 0.396 1
7018.477 2899.9 -122.78 11.979 2
7087.597 6499.6 16.10 0.519 3
7386.633 9199.7 43.02 0.391 1
7537.597 6500.2 13.95 0.485 3
7584.477 2900.2 -119.06 12.028 2
7886.633 9199.8 40.60 0.410 1
8050.477 2899.6 -115.62 12.006 2
8137.597 6499.8 16.63 0.514 3
8336.633 9200.2 52.37 0.390 1
8487.597 6500.2 15.23 0.514 3
8616.477 2899.6 -124.51 12.002 2
8836.633 9200.5 44.75 0.428 1
8887.597 6499.1 11.88 0.515 3
9082.477 2899.9 -120.00 11.999 2
9286.633 9199.9 43.16 0.407 1
9337.597 6499.8 3.62 0.533 3
9648.477 2900.4 -120.37 12.007 2
9786.633 9200.7 46.09 0.391 1
9937.597 6499.9 7.64 0.513 3
10114.477 2899.7 -117.66 11.977 2
10236.633 9199.7 49.22 0.361 1
10287.597 6499.3 10.99 0.489 3
10680.477 2900.9 -120.32 11.980 2
10687.597 6500.9 9.91 0.536 3
10736.633 9200.2 49.97 0.374 1
11137.597 6499.7 -0.26 0.478 3
11146.477 2900.1 -120.08 12.026 2
11186.633 9200.5 38.12 0.422 1
11686.633 9200.0 54.99 0.399 1
11712.477 2899.9 -124.96 12.003 2
11737.597 6500.7 15.22 0.491 3
12087.597 6499.7 18.66 0.481 3
12136.633 9199.6 49.73 0.394 1
12178.477 2900.7 -119.89 12.017 2
12487.597 6499.9 17.32 0.498 3
12636.633 9199.5 43.10 0.433 1
12744.477 2900.3 -124.61 11.988 2
12937.597 6500.6 4.91 0.522 3
13086.633 9199.8 40.91 0.374 1
13210.477 2900.2 -117.42 12.028 2
13537.597 6500.2 12.18 0.526 3
13586.633 9200.1 40.15 0.388 1
13776.477 2899.8 -120.52 12.007 2
13887.597 6500.1 -0.63 0.509 3
14036.633 9199.5 45.62 0.391 1
14242.477 2900.9 -119.80 12.010 2
14287.597 6500.1 18.45 0.488 3
14536.633 9199.9 41.76 0.412 1
14737.597 6499.3 0.30 0.489 3
14808.477 2900.4 -124.46 12.011 2
14986.633 9199.9 41.18 0.387 1
15274.477 2899.9 -115.98 11.984 2
15337.597 6499.8 12.05 0.488 3
15486.633 9200.3 49.06 0.388 1
15687.597 6499.5 15.81 0.519 3
15840.477 2899.2 -116.54 11.963 2
15936.633 9200.1 46.82 0.368 1
16087.597 6500.1 16.46 0.482 3
16306.477 2900.2 -115.69 11.979 2
16436.633 9200.2 43.03 0.415 1
16537.597 6499.7 11.72 0.517 3
16872.477 2899.4 -108.86 12.033 2
16886.633 9199.7 48.67 0.416 1
17137.597 6500.0 2.87 0.499 3
17338.477 2899.1 -120.26 12.026 2
17386.633 9199.9 51.84 0.390 1
17487.597 6500.0 9.49 0.503 3
17836.633 9200.4 39.53 0.403 1
17887.597 6500.0 8.66 0.530 3
17904.477 2899.9 -113.98 11.993 2
18336.633 9200.7 41.98 0.374 1
18337.597 6500.0 11.84 0.490 3
18370.477 2900.1 -120.62 11.994 2
18786.633 9199.4 49.71 0.391 1
18936.477 2900.6 -118.03 12.021 2
18937.597 6499.7 14.94 0.533 3
19286.633 9200.8 48.59 0.428 1
19287.597 6499.5 13.31 0.472 3
19402.477 2900.1 -118.17 11.997 2
19687.597 6499.7 20.61 0.484 3
19718.692 8538.9 -44.31 10.153 0
19736.633 9200.7 46.13 0.403 1
19968.477 2900.4 -118.68 11.974 2
20137.597 6500.5 13.31 0.468 3
20236.633 9200.4 50.81 0.446 1
20434.477 2899.4 -116.71 12.025 2
20686.633 9200.1 39.56 0.384 1
20737.597 6500.2 8.06 0.485 3
21000.477 2900.0 -121.52 12.010 2
21087.597 6500.3 18.15 0.512 3
21186.633 9199.8 37.60 0.412 1
21466.477 2900.1 -119.80 11.950 2
21487.597 6500.7 8.43 0.515 3
21636.633 9200.7 40.67 0.396 1
21937.597 6499.4 11.41 0.506 3
22032.477 2900.4 -117.32 11.994 2
22136.633 9201.0 45.61 0.411 1
22498.477 2900.1 -111.26 12.003 2
22537.597 6500.3 10.90 0.505 3
22586.633 9200.9 41.02 0.400 1
22887.597 6499.5 -1.47 0.477 3
23064.477 2900.4 -124.21 12.010 2
23086.633 9200.7 42.56 0.389 1
23287.597 6499.8 11.38 0.473 3
23530.477 2899.7 -129.03 12.003 2
23536.633 9200.2 40.12 0.383 1
23737.597 6500.2 11.45 0.506 3
24036.633 9199.4 41.90 0.461 1
24096.477 2900.2 -122.42 11.987 2
24305.106 4763.9 54.80 6.411 0
24337.597 6500.8 8.95 0.527 3
24486.633 9200.0 39.98 0.398 1
24562.477 2900.2 -119.55 11.998 2
24687.597 6499.6 9.29 0.493 3
24986.633 9200.3 46.84 0.360 1
25087.597 6500.0 3.58 0.475 3
25128.477 2899.4 -119.13 12.006 2
25436.633 9199.4 48.97 0.387 1
25537.597 6500.6 10.41 0.469 3
25594.477 2900.1 -119.54 11.995 2
25936.633 9200.2 42.60 0.414 1
26070.896 4088.1 -137.19 0.879 0
26137.597 6499.3 17.51 0.486 3
26160.477 2899.8 -114.09 11.993 2
26487.597 6500.2 9.11 0.532 3
26626.477 2899.0 -115.12 12.025 2
26886.633 9200.3 42.09 0.427 1
26887.597 6499.8 7.39 0.496 3
27192.477 2900.5 -120.25 11.981 2
27336.633 9199.4 47.66 0.420 1
27337.597 6499.6 6.96 0.479 3
27658.477 2899.8 -122.35 11.993 2
27836.633 9199.7 45.45 0.397 1
27937.597 6500.1 20.09 0.488 3
28224.477 2899.6 -121.73 11.959 2
28286.633 9199.8 52.97 0.391 1
28287.597 6500.3 3.22 0.490 3
28687.597 6499.5 14.22 0.505 3
28690.477 2899.8 -121.78 12.011 2
28786.633 9199.4 39.52 0.380 1
29137.597 6500.2 10.56 0.487 3
29236.633 9200.9 46.81 0.386 1
29722.477 2900.8 -127.86 12.011 2
29736.633 9199.8 47.22 0.371 1
29737.597 6500.1 19.60 0.482 3
30087.597 6499.4 16.56 0.496 3
30186.633 9200.2 43.20 0.424 1
30288.477 2899.9 -122.31 12.018 2
30487.597 6500.8 9.56 0.509 3
30686.633 9199.9 47.92 0.432 1
30754.477 2900.2 -122.12 12.009 2
30937.597 6500.5 2.29 0.514 3
31136.633 9200.8 37.81 0.375 1
31320.477 2900.7 -120.94 12.007 2
31537.597 6499.6 17.15 0.511 3
31636.633 9200.7 55.59 0.376 1
31747.412 8663.1 164.95 11.858 0
31786.477 2900.3 -121.27 12.009 2
32086.633 9200.3 38.29 0.365 1
32287.597 6500.4 4.48 0.466 3
32352.477 2900.5 -116.64 11.995 2
32586.633 9198.9 49.60 0.381 1
32737.597 6499.8 13.73 0.484 3
32818.477 2899.8 -122.66 12.024 2
33036.633 9200.0 39.39 0.338 1
33337.597 6499.1 6.00 0.506 3
33384.477 2900.4 -122.19 11.993 2
33536.633 9200.3 50.75 0.377 1
33687.597 6500.5 6.12 0.473 3
33850.477 2900.0 -117.29 11.971 2
33986.633 9200.5 43.08 0.426 1
34087.597 6500.0 1.95 0.505 3
34416.477 2900.5 -121.18 12.017 2
34486.633 9199.7 45.79 0.393 1
34537.597 6501.0 14.66 0.488 3
34882.477 2899.5 -118.92 12.037 2
34936.633 9200.9 45.27 0.417 1
35137.597 6500.2 11.36 0.488 3
35436.633 9199.3 50.50 0.390 1
35448.477 2899.6 -116.65 11.981 2
35487.597 6500.1 12.47 0.522 3
35886.633 9199.7 43.39 0.435 1
35887.597 6501.4 17.26 0.504 3
35914.477 2900.6 -117.89 11.998 2
36337.597 6499.9 13.34 0.527 3
36386.633 9200.5 30.16 0.404 1
36480.477 2899.9 -118.75 11.986 2
36836.633 9200.0 41.20 0.392 1
36937.597 6499.5 12.92 0.481 3
36946.477 2899.8 -120.98 11.992 2
37287.597 6500.1 13.75 0.523 3
37336.633 9201.0 45.92 0.451 1
37512.477 2900.0 -116.59 12.001 2
37687.597 6500.6 4.68 0.518 3
37786.633 9200.1 42.80 0.394 1
37978.477 2899.7 -119.12 11.975 2
38137.597 6499.4 9.83 0.440 3
38286.633 9199.7 48.85 0.376 1
38544.477 2900.7 -122.52 11.994 2
38736.633 9199.8 50.08 0.404 1
38737.597 6499.5 3.97 0.498 3
39010.477 2899.4 -120.75 11.971 2
39087.597 6500.2 5.50 0.531 3
39236.633 9199.5 44.26 0.399 1
39487.597 6498.4 9.54 0.516 3
39576.477 2899.9 -126.09 11.989 2
39686.633 9199.4 37.55 0.421 1
39937.597 6499.5 15.31 0.491 3
40042.477 2900.2 -124.81 11.976 2
40186.633 9200.3 51.92 0.382 1
40537.597 6500.4 20.29 0.495 3
40608.477 2899.9 -129.41 11.979 2
40636.633 9200.3 50.42 0.416 1
40887.597 6499.7 4.57 0.474 3
41074.477 2899.6 -123.40 11.966 2
41136.633 9200.6 43.50 0.417 1
41586.633 9199.6 55.54 0.387 1
41640.477 2899.6 -113.32 12.024 2
41737.597 6501.0 9.65 0.464 3
42086.633 9200.8 43.26 0.403 1
42106.477 2900.2 -122.78 12.010 2
42337.597 6499.3 12.64 0.480 3
42536.633 9199.9 39.31 0.383 1
42687.597 6499.7 12.91 0.522 3
43036.633 9200.8 44.22 0.447 1
43087.597 6499.8 11.81 0.500 3
43138.477 2900.3 -120.02 11.988 2
43486.633 9199.8 50.39 0.386 1
43537.597 6500.0 5.16 0.493 3
43704.477 2899.2 -123.50 11.987 2
43986.633 9199.6 40.31 0.391 1
44137.597 6499.8 11.97 0.498 3
44170.477 2899.7 -113.31 11.986 2
44436.633 9200.1 54.76 0.379 1
44487.597 6500.0 14.46 0.555 3
44736.477 2900.0 -117.09 11.971 2
44887.597 6500.0 7.43 0.521 3
44936.633 9200.5 40.52 0.393 1
45202.477 2899.4 -128.76 12.015 2
45337.597 6500.0 19.89 0.484 3
45386.633 9200.1 49.77 0.400 1
45886.633 9199.7 47.72 0.415 1
45937.597 6500.0 8.83 0.533 3
46234.477 2900.0 -125.37 12.009 2
46287.597 6498.8 6.83 0.498 3
46336.633 9199.3 44.23 0.388 1
46687.597 6500.2 11.48 0.515 3
46800.477 2899.5 -120.89 12.011 2
46836.633 9199.3 50.40 0.396 1
47137.597 6499.3 8.71 0.488 3
47266.477 2899.2 -116.66 12.028 2
47286.633 9200.3 37.50 0.372 1
47737.597 6498.9 3.16 0.481 3
47786.633 9200.5 51.79 0.383 1
47832.477 2899.2 -121.50 11.964 2
48087.597 6500.7 9.87 0.516 3
48236.633 9199.9 44.68 0.455 1
48298.477 2900.0 -114.41 12.035 2
48487.597 6499.4 17.98 0.485 3
48736.633 9199.5 42.29 0.421 1
48864.477 2899.4 -116.19 12.025 2
48937.597 6500.1 20.01 0.484 3
49186.633 9200.4 48.75 0.384 1
49537.597 6499.6 7.16 0.518 3
49686.633 9199.4 50.30 0.373 1
49887.597 6499.7 14.53 0.477 3
49896.477 2899.9 -122.36 12.048 2
50136.633 9199.6 48.85 0.380 1
50287.597 6500.2 10.66 0.472 3
50362.477 2901.1 -118.59 12.004 2
50636.633 9200.3 55.00 0.400 1
50737.597 6499.5 11.42 0.511 3
50928.477 2900.1 -122.87 12.016 2
51086.633 9198.9 50.40 0.401 1
51337.597 6500.2 16.34 0.461 3
51394.477 2900.4 -121.08 11.985 2
51586.633 9200.2 51.42 0.385 1
51687.597 6500.2 14.26 0.485 3
51960.477 2900.1 -116.00 12.023 2
52036.633 9199.7 42.30 0.374 1
52087.597 6500.6 10.77 0.493 3
52426.477 2900.4 -118.42 12.003 2
52536.633 9200.1 45.53 0.428 1
52537.597 6499.8 5.36 0.473 3
52986.633 9200.0 47.81 0.409 1
52992.477 2899.3 -124.60 11.991 2
53137.597 6500.5 4.38 0.478 3
53458.477 2899.8 -119.13 12.042 2
53486.633 9200.1 44.91 0.393 1
53487.597 6500.9 9.68 0.513 3
53887.597 6500.8 11.62 0.506 3
53936.633 9200.3 46.51 0.396 1
54024.477 2900.1 -123.06 11.994 2
54337.597 6500.3 12.52 0.481 3
54436.633 9199.6 47.13 0.389 1
54490.477 2900.0 -126.08 12.000 2
54886.633 9200.7 49.22 0.341 1
54937.597 6500.2 13.91 0.511 3
55056.477 2899.9 -125.65 11.996 2
55287.597 6501.4 14.90 0.530 3
55386.633 9200.4 44.49 0.402 1
55522.477 2899.7 -118.57 11.985 2
55687.597 6501.1 -2.02 0.474 3
55836.633 9200.4 43.25 0.379 1
56088.477 2899.9 -120.14 12.011 2
56137.597 6499.6 14.52 0.501 3
56336.633 9200.6 40.86 0.380 1
56554.477 2899.6 -119.97 12.015 2
56737.597 6500.5 4.76 0.540 3
56786.633 9200.4 40.54 0.387 1
57087.597 6500.3 15.57 0.512 3
57120.477 2898.8 -125.73 12.007 2
57286.633 9200.4 50.86 0.415 1
57487.597 6500.0 11.68 0.516 3
57586.477 2899.4 -120.92 11.953 2
57736.633 9200.0 44.58 0.377 1
57937.597 6500.1 13.15 0.496 3
58152.477 2900.2 -125.19 12.020 2
58236.633 9199.3 48.93 0.371 1
58537.597 6500.2 7.30 0.484 3
58618.477 2900.8 -124.63 11.993 2
58686.633 9199.9 38.51 0.413 1
58887.597 6500.5 11.41 0.523 3
59184.477 2900.9 -120.83 11.976 2
59186.633 9199.6 35.31 0.415 1
59287.597 6500.1 0.66 0.513 3
59636.633 9199.3 39.75 0.381 1
59650.477 2900.0 -126.92 12.012 2
59737.597 6500.2 15.48 0.499 3
60216.477 2900.4 -116.65 12.011 2
60337.597 6500.7 8.35 0.491 3
60586.633 9199.7 50.34 0.394 1
60682.477 2900.5 -107.57 11.979 2
60687.597 6500.2 -2.95 0.465 3
61086.633 9199.5 46.66 0.406 1
61087.597 6500.3 15.31 0.503 3
61248.477 2899.7 -117.71 12.049 2
61536.633 9199.5 40.99 0.375 1
61537.597 6500.5 18.38 0.486 3
62009.154 3866.1 2.94 2.244 0
62036.633 9200.1 44.35 0.417 1
62137.597 6500.8 5.62 0.497 3
62280.477 2900.0 -121.36 11.965 2
62486.633 9200.2 43.51 0.424 1
62487.597 6500.6 16.06 0.513 3
62746.477 2899.1 -127.78 11.977 2
62887.597 6500.2 6.25 0.516 3
62986.633 9200.7 43.28 0.413 1
63312.477 2899.8 -121.89 12.028 2
63337.597 6500.1 -1.33 0.514 3
63436.633 9200.0 32.47 0.411 1
63778.477 2900.3 -117.46 11.996 2
63936.633 9200.5 40.71 0.325 1
63937.597 6499.4 8.21 0.545 3
64287.597 6500.1 11.63 0.523 3
64344.477 2899.3 -117.05 11.993 2
64386.633 9200.7 44.05 0.405 1
64687.597 6499.5 10.67 0.485 3
64810.477 2900.0 -125.16 11.999 2
64886.633 9200.6 52.58 0.399 1
65137.597 6499.5 10.52 0.484 3
65336.633 9198.8 45.80 0.397 1
65376.477 2900.6 -118.50 11.988 2
65737.597 6500.3 11.48 0.547 3
65836.633 9200.6 52.00 0.387 1
65842.477 2900.2 -114.22 11.986 2
66087.597 6499.9 11.08 0.487 3
66286.633 9200.2 43.03 0.401 1
66408.477 2900.3 -111.22 11.987 2
66487.597 6500.2 8.92 0.499 3
66786.633 9200.2 43.74 0.408 1
66874.477 2900.5 -123.50 12.014 2
66937.597 6499.7 6.99 0.535 3
67236.633 9200.2 25.50 0.395 1
67440.477 2900.9 -124.32 12.020 2
67537.597 6500.6 8.67 0.534 3
67736.633 9200.2 47.32 0.391 1
67887.597 6500.1 8.24 0.499 3
67906.477 2900.1 -119.73 11.979 2
68186.633 9200.2 47.74 0.425 1
68287.597 6500.6 8.49 0.505 3
68472.477 2900.6 -134.64 12.005 2
68686.633 9199.8 53.82 0.378 1
68737.597 6500.3 4.49 0.467 3
68938.477 2900.0 -122.66 12.016 2
69136.633 9199.0 42.57 0.421 1
69337.597 6500.1 7.29 0.482 3
69504.477 2899.7 -121.35 11.978 2
69636.633 9199.9 45.47 0.404 1
69687.597 6499.8 10.41 0.493 3
69970.477 2900.2 -122.30 11.990 2
70086.633 9199.6 41.47 0.384 1
70087.597 6500.0 11.55 0.500 3
70536.477 2899.7 -127.92 11.979 2
70537.597 6500.4 9.68 0.494 3
70586.633 9200.5 39.12 0.394 1
71002.477 2899.7 -121.23 11.974 2
71036.633 9199.9 41.43 0.382 1
71137.597 6500.3 9.08 0.503 3
71487.597 6499.4 12.67 0.544 3
71536.633 9200.0 43.28 0.414 1
71568.477 2899.7 -123.88 12.002 2
71887.597 6500.5 14.07 0.509 3
71986.633 9199.6 51.78 0.407 1
72034.477 2898.9 -116.21 11.985 2
72337.597 6499.9 13.40 0.506 3
72486.633 9199.7 45.01 0.389 1
72600.477 2900.1 -124.59 12.013 2
72936.633 9200.0 41.05 0.378 1
72937.597 6500.4 1.25 0.500 3
73066.477 2899.4 -121.41 11.999 2
73287.597 6499.7 7.72 0.497 3
73632.477 2899.9 -121.16 12.008 2
73687.597 6500.3 13.53 0.525 3
73886.633 9200.2 46.09 0.419 1
74098.477 2900.7 -117.16 11.994 2
74137.597 6499.6 12.58 0.480 3
74386.633 9199.9 41.62 0.398 1
74664.477 2899.7 -132.73 11.987 2
74737.597 6500.1 13.40 0.497 3
74836.633 9199.4 50.72 0.408 1
75087.597 6499.9 11.57 0.478 3
75130.477 2899.7 -121.70 11.998 2
75336.633 9198.8 35.56 0.392 1
75487.597 6499.9 5.73 0.502 3
75696.477 2900.7 -116.20 12.000 2
75786.633 9200.3 43.93 0.401 1
75937.597 6499.7 16.11 0.502 3
76162.477 2900.3 -121.81 11.986 2
76286.633 9199.9 48.33 0.394 1
76537.597 6499.9 3.20 0.518 3
76728.477 2900.5 -127.63 12.009 2
76736.633 9199.7 38.31 0.406 1
76887.597 6499.1 14.93 0.524 3
77194.477 2899.8 -118.37 12.015 2
77236.633 9199.9 46.81 0.370 1
77287.597 6500.4 9.92 0.513 3
77686.633 9200.9 51.46 0.413 1
77737.597 6500.5 2.64 0.532 3
77760.477 2900.4 -118.32 12.003 2
78186.633 9200.0 47.27 0.395 1
78226.477 2899.7 -121.35 12.034 2
78337.597 6499.8 8.02 0.532 3
78636.633 9200.0 36.55 0.407 1
78687.597 6499.3 16.02 0.506 3
78792.477 2899.7 -125.80 11.987 2
79087.597 6499.7 7.06 0.507 3
79136.633 9199.3 41.36 0.393 1
79258.477 2900.3 -123.70 12.010 2
79537.597 6500.5 3.95 0.461 3
79586.633 9200.8 51.16 0.406 1
79824.477 2899.7 -121.57 11.992 2
