328.672 9199.9 42.68 0.406 1
373.658 2899.9 -119.12 11.989 2
728.009 6499.7 8.96 0.519 3
828.658 2899.9 -114.04 11.988 2
844.672 9200.3 51.15 0.398 1
1181.600 8408.0 1.88 7.236 0
1283.658 2899.8 -126.33 11.954 2
1360.672 9200.1 39.47 0.376 1
1478.009 6500.7 4.81 0.504 3
1738.658 2898.7 -122.47 12.002 2
1876.672 9199.7 50.15 0.352 1
2193.658 2899.6 -124.46 11.975 2
2219.047 8021.2 161.02 12.027 0
2228.009 6499.7 6.95 0.507 3
2392.672 9200.2 45.88 0.410 1
2648.658 2899.9 -122.66 11.998 2
2908.672 9200.7 40.98 0.394 1
2978.009 6499.9 7.58 0.528 3
3103.658 2900.8 -123.46 12.029 2
3424.672 9200.5 43.55 0.389 1
3558.658 2900.1 -120.60 11.990 2
3728.009 6500.6 11.33 0.506 3
3940.672 9199.6 40.40 0.395 1
4013.658 2900.7 -120.09 11.989 2
4439.495 8981.2 120.47 5.198 0
4456.672 9199.4 48.38 0.436 1
4468.658 2899.8 -120.20 12.027 2
4478.009 6500.2 6.70 0.511 3
4923.658 2899.9 -122.78 12.011 2
4972.672 9199.7 46.74 0.399 1
5228.009 6500.1 5.55 0.520 3
5378.658 2898.1 -119.06 12.020 2
5488.672 9200.0 42.22 0.402 1
5833.658 2900.2 -115.62 11.993 2
5978.009 6500.1 9.06 0.533 3
6288.658 2900.3 -124.51 12.015 2
6520.672 9199.9 46.51 0.433 1
6728.009 6499.3 12.34 0.525 3
6743.658 2900.9 -120.00 11.986 2
7036.672 9199.4 49.79 0.418 1
7198.658 2899.8 -120.37 11.986 2
7478.009 6499.8 13.59 0.508 3
7552.672 9199.6 44.43 0.421 1
7653.658 2900.0 -117.66 12.012 2
8068.672 9199.7 47.09 0.401 1
8108.658 2899.6 -120.32 11.988 2
8228.009 6499.5 12.75 0.504 3
8563.658 2899.4 -120.08 12.015 2
8978.009 6500.1 7.71 0.476 3
9018.658 2899.6 -124.96 12.048 2
9100.672 9200.2 45.34 0.407 1
9473.658 2899.8 -119.89 11.966 2
9616.672 9200.5 43.54 0.412 1
9728.009 6499.7 1.52 0.506 3
9928.658 2900.7 -124.61 11.985 2
10024.671 4484.0 -123.16 10.812 0
10132.672 9199.9 46.47 0.397 1
10478.009 6500.0 6.01 0.479 3
10648.672 9200.7 37.45 0.371 1
10838.658 2899.6 -120.52 11.997 2
11071.620 5905.6 164.27 8.438 0
11164.672 9199.7 48.22 0.421 1
11217.638 9015.1 -63.24 9.233 0
11228.009 6500.0 11.42 0.480 3
11293.658 2900.1 -119.80 12.023 2
11680.672 9200.2 43.85 0.361 1
11748.658 2900.1 -124.46 11.980 2
12196.672 9200.5 46.79 0.395 1
12203.658 2899.7 -115.98 12.007 2
12658.658 2900.6 -116.54 11.997 2
12712.672 9200.0 43.30 0.396 1
12728.009 6500.0 11.26 0.498 3
13113.658 2899.1 -115.69 12.003 2
13228.672 9199.6 46.60 0.379 1
13478.009 6499.7 7.05 0.509 3
13568.658 2899.9 -108.86 12.007 2
13744.672 9199.5 39.64 0.412 1
14023.658 2900.3 -120.26 11.976 2
14228.009 6499.5 7.09 0.487 3
14260.672 9199.8 50.95 0.396 1
14478.658 2899.3 -113.98 11.979 2
14776.672 9200.1 36.48 0.391 1
14933.658 2900.2 -120.62 12.028 2
14978.009 6499.7 15.60 0.524 3
15292.672 9199.5 39.80 0.410 1
15388.658 2900.6 -118.03 12.006 2
15728.009 6500.5 11.09 0.503 3
15843.658 2900.2 -118.17 12.002 2
16298.658 2899.2 -118.68 11.999 2
16324.672 9199.9 52.31 0.428 1
16478.009 6500.2 16.85 0.524 3
16580.675 5020.9 53.84 1.248 0
16753.658 2899.6 -116.71 12.007 2
16840.672 9200.3 46.39 0.407 1
17208.658 2900.6 -121.52 11.977 2
17228.009 6500.3 5.30 0.513 3
17356.672 9200.1 43.76 0.391 1
17663.658 2900.1 -119.80 11.980 2
17872.672 9200.2 37.87 0.361 1
17978.009 6500.7 15.65 0.503 3
18118.658 2900.0 -117.32 12.026 2
18388.672 9199.7 44.04 0.374 1
18573.658 2900.2 -111.26 12.003 2
18728.009 6499.4 14.55 0.490 3
18904.672 9199.9 44.90 0.422 1
19028.658 2900.4 -124.21 12.017 2
19420.672 9200.4 53.45 0.399 1
19478.009 6500.3 -4.98 0.501 3
19483.658 2899.6 -129.03 11.988 2
19936.672 9200.7 48.11 0.394 1
19938.658 2899.9 -122.42 12.028 2
20228.009 6499.5 9.56 0.517 3
20393.658 2900.1 -119.55 12.007 2
20452.672 9199.4 37.35 0.433 1
20848.658 2899.7 -119.13 12.010 2
20968.672 9200.8 55.13 0.374 1
20978.009 6499.8 17.71 0.514 3
21054.085 8238.4 154.58 8.069 0
21303.658 2899.9 -119.54 12.011 2
21484.672 9200.7 43.02 0.388 1
21728.009 6500.2 13.89 0.476 3
21758.658 2900.6 -114.09 11.984 2
22000.672 9200.4 40.60 0.391 1
22213.658 2899.5 -115.12 11.963 2
22478.009 6500.8 7.79 0.521 3
22516.672 9200.1 52.37 0.412 1
22668.658 2901.0 -120.25 11.979 2
23032.672 9199.8 44.75 0.387 1
23123.658 2900.9 -122.35 12.033 2
23228.009 6499.6 8.84 0.496 3
23548.672 9200.7 43.16 0.388 1
23578.658 2899.1 -121.73 12.026 2
23978.009 6500.0 3.48 0.516 3
24033.658 2899.9 -121.78 11.993 2
24064.672 9201.0 46.09 0.368 1
24488.658 2900.2 -121.13 11.994 2
24580.672 9200.9 49.22 0.415 1
24728.009 6500.6 11.03 0.486 3
24943.658 2899.6 -127.86 12.021 2
25096.672 9200.7 49.97 0.416 1
25398.658 2899.6 -122.31 11.997 2
25478.009 6499.3 1.03 0.513 3
25612.672 9200.2 38.12 0.390 1
25853.658 2899.9 -122.12 11.974 2
26128.672 9199.4 54.99 0.403 1
26228.009 6500.2 4.92 0.484 3
26308.658 2900.4 -120.94 12.025 2
26571.623 7580.9 161.08 7.266 0
26644.672 9200.0 49.73 0.374 1
26763.658 2899.7 -121.27 12.010 2
26978.009 6499.8 15.60 0.503 3
27160.672 9200.3 43.10 0.391 1
27218.658 2900.9 -116.64 11.950 2
27673.658 2900.1 -122.66 11.994 2
27676.672 9199.4 40.91 0.428 1
27728.009 6499.6 9.90 0.494 3
28128.658 2899.9 -122.19 12.003 2
28192.672 9200.2 40.15 0.403 1
28478.009 6500.1 8.18 0.494 3
28583.658 2900.7 -117.29 12.010 2
28708.672 9200.2 45.62 0.446 1
29038.658 2900.3 -121.18 12.003 2
29224.672 9200.3 41.76 0.384 1
29228.009 6500.3 9.47 0.489 3
29493.658 2900.2 -118.92 11.987 2
29526.372 5927.7 150.79 6.282 0
29740.672 9199.4 41.18 0.412 1
29948.658 2899.8 -116.65 11.998 2
29978.009 6499.5 23.71 0.497 3
30256.672 9199.7 49.06 0.396 1
30403.658 2900.9 -117.89 12.006 2
30728.009 6500.2 15.18 0.465 3
30772.672 9199.8 46.82 0.411 1
30858.658 2900.4 -118.75 11.995 2
31094.481 9005.7 -127.19 5.499 0
31288.672 9199.4 43.03 0.400 1
31313.658 2899.9 -120.98 11.993 2
31768.658 2899.2 -116.59 12.025 2
31804.672 9200.9 48.67 0.389 1
32223.658 2900.2 -119.12 11.981 2
32228.009 6499.4 18.33 0.519 3
32320.672 9199.8 51.84 0.383 1
32678.658 2899.4 -122.52 11.993 2
32836.672 9200.2 39.53 0.461 1
32978.009 6500.8 9.56 0.491 3
33133.658 2899.1 -120.75 11.959 2
33352.672 9199.9 41.98 0.398 1
33588.658 2899.9 -126.09 12.011 2
33728.009 6500.5 13.70 0.472 3
33868.672 9200.8 49.71 0.360 1
34043.658 2900.1 -124.81 12.017 2
34384.672 9200.7 48.59 0.387 1
34478.009 6499.6 7.07 0.487 3
34498.658 2900.6 -129.41 12.011 2
34900.672 9200.3 46.13 0.414 1
34953.658 2900.1 -123.40 12.018 2
35228.009 6499.7 5.31 0.519 3
35408.658 2900.4 -113.32 12.009 2
35416.672 9198.9 50.81 0.390 1
35831.744 7099.5 -47.33 8.617 0
35863.658 2899.4 -122.78 12.007 2
35932.672 9200.0 39.56 0.427 1
36318.658 2900.0 -116.06 12.009 2
36448.672 9200.3 37.60 0.420 1
36722.936 9159.6 178.63 10.558 0
36728.009 6499.8 6.16 0.494 3
36773.658 2900.1 -120.02 11.995 2
36964.672 9200.5 40.67 0.397 1
37228.658 2900.4 -123.50 12.024 2
37478.009 6499.1 6.09 0.518 3
37683.658 2900.1 -113.31 11.993 2
37996.672 9200.9 41.02 0.380 1
38138.658 2900.4 -117.09 11.971 2
38228.009 6500.5 14.49 0.479 3
38512.672 9199.3 42.56 0.386 1
38593.658 2899.7 -128.76 12.017 2
38978.009 6500.0 4.19 0.488 3
39028.672 9199.7 40.12 0.371 1
39048.658 2900.2 -114.79 12.037 2
39503.658 2900.2 -125.37 11.981 2
39544.672 9200.5 41.90 0.424 1
39691.575 7429.6 76.46 11.694 0
39728.009 6501.0 2.90 0.509 3
39958.658 2899.4 -120.89 11.998 2
40060.672 9200.0 39.98 0.432 1
40413.658 2900.1 -116.66 11.986 2
40478.009 6500.2 12.73 0.498 3
40576.672 9201.0 46.84 0.375 1
40868.658 2899.8 -121.50 11.992 2
41092.672 9200.1 48.97 0.376 1
41323.658 2899.0 -114.41 12.001 2
41608.672 9199.7 42.60 0.365 1
41778.658 2900.5 -116.19 11.975 2
41904.984 8574.2 31.28 10.914 0
41978.009 6501.4 6.24 0.450 3
42124.672 9199.8 43.96 0.381 1
42233.658 2899.8 -127.88 11.994 2
42640.672 9199.5 42.09 0.338 1
42728.009 6499.9 8.17 0.513 3
43143.658 2899.8 -118.59 11.989 2
43156.672 9199.4 47.66 0.377 1
43478.009 6499.5 3.27 0.506 3
43598.658 2900.1 -122.87 11.976 2
43672.672 9200.3 45.45 0.426 1
44053.658 2900.8 -121.08 11.979 2
44061.881 3123.6 130.61 9.369 0
44188.672 9200.3 52.97 0.393 1
44228.009 6500.1 4.41 0.465 3
44508.658 2899.9 -116.00 11.966 2
44704.672 9200.6 39.52 0.417 1
44732.473 7878.4 -114.19 10.947 0
44963.658 2900.2 -118.42 12.024 2
44978.009 6500.6 13.33 0.512 3
45220.672 9199.6 46.81 0.390 1
45418.658 2900.7 -124.60 12.010 2
45728.009 6499.4 11.46 0.500 3
45736.672 9200.8 47.22 0.435 1
45873.658 2900.3 -119.13 11.962 2
46252.672 9199.9 43.20 0.404 1
46328.658 2900.5 -123.06 11.988 2
46478.009 6499.5 5.27 0.506 3
46768.672 9200.8 47.92 0.392 1
46783.658 2899.8 -126.08 11.987 2
47228.009 6500.2 12.65 0.519 3
47238.658 2900.4 -125.65 11.986 2
47284.672 9199.8 37.81 0.451 1
47693.658 2900.0 -118.57 11.971 2
47800.672 9199.6 55.59 0.394 1
47978.009 6498.4 17.60 0.485 3
48148.658 2900.5 -120.14 12.015 2
48316.672 9200.1 38.29 0.376 1
48603.658 2899.5 -119.97 11.992 2
48728.009 6499.5 3.59 0.514 3
48832.672 9200.5 49.60 0.404 1
49058.658 2899.6 -125.73 12.009 2
49348.672 9200.1 39.39 0.399 1
49478.009 6500.4 10.31 0.514 3
49513.658 2900.6 -120.92 12.011 2
49968.658 2899.9 -125.19 12.028 2
50228.009 6499.7 19.88 0.515 3
50380.672 9199.3 43.08 0.382 1
50423.658 2899.8 -124.63 11.964 2
50878.658 2900.0 -120.83 12.035 2
50896.672 9199.3 45.79 0.416 1
50978.009 6499.2 13.06 0.533 3
51333.658 2899.7 -126.92 12.025 2
51412.672 9200.3 45.27 0.417 1
51728.009 6501.0 14.07 0.513 3
51788.658 2900.7 -116.65 12.011 2
51928.672 9200.5 50.50 0.387 1
52243.658 2899.4 -107.57 12.048 2
52444.672 9199.9 43.39 0.403 1
52478.009 6499.3 9.00 0.489 3
52698.658 2899.9 -117.71 12.004 2
52960.672 9199.5 30.16 0.383 1
53153.658 2900.2 -125.21 12.016 2
53228.009 6499.7 6.01 0.536 3
53476.672 9200.4 41.20 0.447 1
53608.658 2899.9 -121.36 11.985 2
53978.009 6499.8 15.72 0.478 3
53992.672 9199.4 45.92 0.386 1
54063.658 2899.6 -127.78 12.023 2
54161.522 8400.6 133.32 5.089 0
54508.672 9199.6 42.80 0.391 1
54518.658 2899.6 -121.89 12.003 2
54728.009 6500.0 13.27 0.491 3
54973.658 2900.2 -117.46 11.991 2
55024.672 9200.3 48.85 0.379 1
55478.009 6499.8 9.74 0.481 3
55540.672 9198.9 50.08 0.393 1
55883.658 2900.3 -125.16 11.994 2
56056.672 9200.2 44.26 0.400 1
56228.009 6500.0 7.67 0.498 3
56338.658 2899.2 -118.50 12.000 2
56462.993 3621.1 -57.76 5.088 0
56572.672 9199.7 37.55 0.415 1
56793.658 2899.7 -114.22 11.996 2
56978.009 6500.0 1.26 0.522 3
57088.672 9200.1 51.92 0.388 1
57248.658 2900.0 -111.22 11.985 2
57604.672 9200.0 50.42 0.396 1
57703.658 2899.4 -123.50 12.011 2
57728.009 6500.0 10.78 0.526 3
58120.672 9200.1 43.50 0.372 1
58158.658 2900.3 -124.32 12.015 2
58478.009 6500.0 6.54 0.509 3
58613.658 2900.0 -119.73 12.007 2
58636.672 9200.3 55.54 0.383 1
59068.658 2899.5 -134.64 11.953 2
59152.672 9199.6 43.26 0.455 1
59523.658 2899.2 -122.66 12.020 2
59668.672 9200.7 39.31 0.421 1
59978.009 6500.2 13.35 0.489 3
59978.658 2899.2 -121.35 11.993 2
60184.672 9200.4 44.22 0.384 1
60433.658 2900.0 -122.30 11.976 2
60700.672 9200.4 50.39 0.373 1
60728.009 6499.3 14.10 0.488 3
60888.658 2899.4 -127.92 12.012 2
61216.672 9200.6 40.31 0.380 1
61343.658 2899.3 -121.23 12.011 2
61478.009 6498.9 13.60 0.519 3
61732.672 9200.4 54.76 0.400 1
61798.658 2899.9 -123.88 11.979 2
62228.009 6500.7 21.28 0.482 3
62248.672 9200.4 40.52 0.401 1
62253.658 2901.1 -116.21 12.049 2
62438.680 3136.6 80.00 3.593 0
62708.658 2900.1 -124.59 11.976 2
62764.672 9200.0 49.77 0.385 1
62978.009 6499.4 15.83 0.517 3
63163.658 2900.4 -121.41 11.965 2
63280.672 9199.3 47.72 0.374 1
63618.658 2900.1 -121.16 11.977 2
63728.009 6500.1 6.27 0.499 3
63796.672 9199.9 44.23 0.428 1
63920.223 8737.7 -60.08 3.438 0
64073.658 2900.4 -117.16 12.028 2
64312.672 9199.6 50.40 0.409 1
64478.009 6499.6 5.91 0.503 3
64528.658 2899.3 -132.73 11.996 2
64648.650 3120.9 140.29 10.911 0
64983.658 2899.8 -121.70 11.993 2
65228.009 6499.7 21.64 0.530 3
65344.672 9200.1 51.79 0.396 1
65438.658 2900.1 -116.20 11.999 2
65860.672 9199.7 44.68 0.389 1
65893.658 2900.0 -121.81 11.988 2
65978.009 6500.2 6.68 0.490 3
66348.658 2899.9 -127.63 11.986 2
66376.672 9199.5 42.29 0.341 1
66728.009 6499.5 9.78 0.533 3
66803.658 2899.7 -118.37 11.987 2
66892.672 9199.5 48.75 0.402 1
67258.658 2899.9 -118.32 12.014 2
67408.672 9200.1 50.30 0.379 1
67478.009 6500.2 18.72 0.472 3
67713.658 2899.6 -121.35 12.020 2
67924.672 9200.2 48.85 0.380 1
68168.658 2898.8 -125.80 11.979 2
68228.009 6500.2 18.58 0.484 3
68440.672 9200.7 55.00 0.387 1
68623.658 2899.4 -123.70 12.005 2
68956.672 9200.0 50.40 0.415 1
68978.009 6500.6 9.73 0.468 3
69078.658 2900.2 -121.57 12.016 2
69472.672 9200.5 51.42 0.377 1
69533.658 2900.8 -124.38 11.978 2
69728.009 6499.8 11.21 0.485 3
69988.658 2900.9 -129.60 11.990 2
69988.672 9200.7 42.30 0.371 1
70443.658 2900.0 -123.85 11.979 2
70478.009 6500.5 1.82 0.512 3
70504.672 9200.6 45.53 0.413 1
70898.658 2900.4 -120.31 11.974 2
71020.672 9198.8 47.81 0.415 1
71228.009 6500.9 5.46 0.515 3
71353.658 2900.5 -122.54 12.002 2
71536.672 9200.6 44.91 0.381 1
71808.658 2899.7 -120.38 11.985 2
71978.009 6500.8 8.17 0.506 3
72052.672 9200.2 46.51 0.411 1
72263.658 2899.2 -119.58 12.013 2
72568.672 9200.2 47.13 0.394 1
72718.658 2900.0 -115.52 11.999 2
72728.009 6500.3 9.97 0.505 3
73084.672 9200.2 49.22 0.406 1
73173.658 2899.1 -108.98 12.008 2
73478.009 6500.2 8.38 0.477 3
73600.672 9200.2 44.49 0.375 1
73628.658 2899.8 -116.34 11.994 2
74083.658 2900.3 -127.02 11.987 2
74116.672 9200.2 43.25 0.417 1
74228.009 6501.4 10.76 0.473 3
74538.658 2899.3 -133.28 11.998 2
74632.672 9199.8 40.86 0.424 1
74978.009 6501.1 20.96 0.506 3
74993.658 2900.0 -120.47 12.000 2
75148.672 9199.0 40.54 0.413 1
75448.658 2900.6 -119.64 11.986 2
75664.672 9199.9 50.86 0.411 1
75728.009 6499.6 12.32 0.527 3
75903.658 2900.2 -125.81 12.009 2
76180.672 9199.6 44.58 0.325 1
76358.658 2900.3 -118.64 12.015 2
76478.009 6500.5 11.54 0.493 3
76696.672 9200.5 48.93 0.405 1
76813.658 2900.5 -123.83 12.003 2
77212.672 9199.9 38.51 0.399 1
77228.009 6500.3 10.01 0.475 3
77268.658 2900.9 -117.99 12.034 2
77723.658 2900.1 -121.63 11.987 2
77728.672 9200.0 35.31 0.397 1
77978.009 6500.0 9.14 0.469 3
78178.658 2900.6 -118.01 12.010 2
78244.672 9199.6 39.75 0.387 1
78633.658 2900.0 -128.72 11.992 2
78728.009 6500.1 16.16 0.486 3
78760.672 9199.7 50.73 0.401 1
79088.658 2899.7 -122.19 12.005 2
79276.672 9200.0 50.34 0.408 1
79478.009 6500.2 5.04 0.532 3
79543.658 2900.2 -120.74 11.983 2
79792.672 9199.3 46.66 0.395 1
79998.658 2899.7 -127.12 12.022 2
