299.701 7999.7 -18.36 50.026 4
328.672 9199.9 42.68 0.406 1
377.549 8939.2 62.01 10.337 0
382.692 6499.9 12.81 0.518 2
844.672 9200.3 51.15 0.398 1
848.692 6499.9 4.78 0.518 2
939.701 7999.2 -33.32 50.009 4
971.543 7440.4 143.80 5.207 0
1215.227 6814.3 -101.51 39.484 0
1360.672 9200.1 39.47 0.376 1
1414.692 6499.8 22.36 0.486 2
1579.701 8001.0 -30.22 49.988 4
1876.672 9199.7 50.15 0.352 1
1880.692 6498.7 3.95 0.466 2
2219.701 7999.3 -21.28 49.989 4
2392.672 9200.2 45.88 0.410 1
2446.692 6499.6 1.33 0.501 2
2859.701 7999.7 -21.42 49.988 4
2908.672 9200.7 40.98 0.394 1
2912.692 6499.9 4.23 0.465 2
3424.672 9200.5 43.55 0.389 1
3478.692 6500.8 17.10 0.494 2
3940.672 9199.6 40.40 0.395 1
3944.692 6500.1 9.12 0.512 2
4139.701 8000.0 -28.79 49.982 4
4238.858 11133.5 -146.31 19.605 0
4456.672 9199.4 48.38 0.436 1
4510.692 6500.7 8.14 0.472 2
4779.701 7999.8 -38.18 50.017 4
4972.672 9199.7 46.74 0.399 1
4976.692 6499.8 9.69 0.501 2
5483.701 8000.0 -34.54 49.999 4
5488.672 9200.0 42.22 0.402 1
5542.692 6499.9 7.02 0.525 2
5884.718 12200.0 75.44 3.999 3
6004.672 9198.8 39.49 0.370 1
6008.692 6498.1 6.55 0.507 2
6187.701 8000.0 -31.83 50.003 4
6520.672 9199.9 46.51 0.433 1
6574.692 6500.2 6.79 0.510 2
6891.701 8000.0 -30.03 50.030 4
7040.692 6500.3 13.54 0.518 2
7552.672 9199.6 44.43 0.421 1
7595.701 8000.0 -31.62 49.990 4
7606.692 6500.9 15.10 0.535 2
8068.672 9199.7 47.09 0.401 1
8072.692 6499.8 4.72 0.503 2
8299.701 7998.8 -29.24 50.033 4
8584.672 9199.8 43.12 0.418 1
8638.692 6500.0 11.20 0.525 2
9003.701 8000.2 -19.04 49.972 4
9100.672 9200.2 45.34 0.407 1
9104.692 6499.6 13.94 0.499 2
9616.672 9200.5 43.54 0.412 1
9670.692 6499.4 4.59 0.489 2
9707.701 7999.3 -27.68 49.984 4
10128.160 12200.0 81.90 3.998 3
10132.672 9199.9 46.47 0.397 1
10136.692 6499.6 7.49 0.506 2
10443.701 7998.9 -28.46 49.968 4
10537.529 8578.0 67.37 29.247 0
10648.672 9200.7 37.45 0.371 1
10702.692 6499.8 4.81 0.488 2
11164.672 9199.7 48.22 0.421 1
11179.701 8000.7 -29.99 49.985 4
11377.430 9656.2 -151.99 1.476 0
11680.672 9200.2 43.85 0.361 1
11734.692 6500.0 10.51 0.488 2
11915.701 7999.4 -30.86 50.012 4
12196.672 9200.5 46.79 0.395 1
12200.692 6499.6 6.32 0.454 2
12651.701 8000.1 -23.84 50.015 4
12712.672 9200.0 43.30 0.396 1
12766.692 6500.1 13.16 0.502 2
13232.692 6500.1 9.85 0.475 2
13357.571 12199.4 80.87 3.999 3
13387.701 7999.6 -34.96 50.006 4
13744.672 9199.5 39.64 0.412 1
13798.692 6499.7 12.06 0.498 2
14123.701 7999.7 -30.63 50.005 4
14260.672 9199.8 50.95 0.396 1
14264.692 6500.6 8.54 0.529 2
14763.701 8000.2 -35.48 49.977 4
14776.672 9200.1 36.48 0.391 1
14830.692 6499.1 6.83 0.490 2
15292.672 9199.5 39.80 0.410 1
15296.692 6499.9 9.55 0.489 2
15403.701 7999.5 -29.56 49.973 4
15482.764 9025.6 64.40 28.826 0
15531.940 11070.0 52.68 27.748 0
15808.672 9199.9 46.18 0.390 1
15836.120 12200.1 73.79 3.999 3
15862.692 6500.3 9.98 0.527 2
16043.701 8000.2 -29.40 50.006 4
16324.672 9199.9 52.31 0.428 1
16328.692 6499.3 6.47 0.511 2
16683.701 8000.2 -25.40 50.027 4
16894.692 6500.2 12.13 0.520 2
17323.701 8000.6 -24.01 49.993 4
17356.672 9200.1 43.76 0.391 1
17360.692 6500.6 13.73 0.493 2
17872.672 9200.2 37.87 0.361 1
17926.692 6500.2 10.79 0.515 2
17963.701 7999.8 -26.68 49.975 4
18292.839 12142.1 -65.05 45.733 0
18388.672 9199.7 44.04 0.374 1
18392.692 6499.2 18.57 0.486 2
18603.701 8000.5 -21.89 49.969 4
18700.527 12199.6 87.77 3.987 3
18904.672 9199.9 44.90 0.422 1
18958.692 6499.6 6.84 0.486 2
19307.701 8000.9 -22.06 49.986 4
19420.672 9200.4 53.45 0.399 1
19424.692 6500.6 12.60 0.512 2
19936.672 9200.7 48.11 0.394 1
19990.692 6500.1 7.96 0.488 2
20452.672 9199.4 37.35 0.433 1
20456.692 6500.0 11.17 0.515 2
20715.701 8000.3 -28.13 49.996 4
20922.808 12200.2 85.45 3.979 3
20968.672 9200.8 55.13 0.374 1
21022.692 6500.2 5.85 0.548 2
21419.701 8000.2 -39.68 49.979 4
21484.672 9200.7 43.02 0.388 1
21488.692 6500.4 15.58 0.466 2
22000.672 9200.4 40.60 0.391 1
22054.692 6499.6 10.88 0.485 2
22123.701 8001.4 -28.40 49.988 4
22516.672 9200.1 52.37 0.412 1
22520.692 6499.9 15.96 0.522 2
22821.057 9182.6 -178.93 2.931 0
22827.701 8001.1 -30.03 49.990 4
23032.672 9199.8 44.75 0.387 1
23086.692 6500.1 3.67 0.497 2
23531.701 7999.6 -38.44 50.005 4
23548.672 9200.7 43.16 0.388 1
23552.692 6499.7 7.53 0.523 2
23734.000 12199.8 75.70 3.987 3
24064.672 9201.0 46.09 0.368 1
24118.692 6499.9 5.54 0.480 2
24267.701 8000.5 -32.16 49.987 4
24580.672 9200.9 49.22 0.415 1
24584.692 6500.6 7.34 0.507 2
25003.701 8000.3 -25.21 49.982 4
25096.672 9200.7 49.97 0.416 1
25150.692 6499.5 6.54 0.497 2
25469.017 11707.0 -33.77 38.370 0
25612.672 9200.2 38.12 0.390 1
25616.692 6501.0 9.40 0.503 2
25739.701 8000.0 -36.19 49.996 4
26128.672 9199.4 54.99 0.403 1
26182.692 6500.9 9.91 0.507 2
26475.701 8000.1 -23.54 50.009 4
26644.672 9200.0 49.73 0.374 1
26648.692 6499.1 9.80 0.476 2
26987.657 12200.2 77.07 4.021 3
27160.672 9200.3 43.10 0.391 1
27211.701 8000.2 -27.63 50.014 4
27214.692 6499.9 7.22 0.479 2
27676.672 9199.4 40.91 0.428 1
27680.692 6500.2 10.94 0.528 2
27947.701 8000.5 -31.14 50.011 4
28192.672 9200.2 40.15 0.403 1
28246.692 6499.6 14.38 0.506 2
28587.701 8000.1 -30.71 49.991 4
28708.672 9200.2 45.62 0.446 1
28712.692 6499.6 5.49 0.502 2
29224.672 9200.3 41.76 0.384 1
29227.701 8000.2 -25.85 49.966 4
29278.692 6499.9 10.00 0.499 2
29740.672 9199.4 41.18 0.412 1
29744.692 6500.4 9.63 0.507 2
29867.701 8000.7 -37.16 49.984 4
30256.672 9199.7 49.06 0.396 1
30282.349 12199.1 83.85 4.007 3
30310.692 6499.7 12.34 0.477 2
30507.701 8000.2 -19.80 50.006 4
30772.672 9199.8 46.82 0.411 1
30776.692 6500.9 9.68 0.480 2
31147.701 8000.3 -34.07 49.973 4
31288.672 9199.4 43.03 0.400 1
31342.692 6500.1 9.92 0.526 2
31787.701 8000.5 -33.83 50.005 4
31804.672 9200.9 48.67 0.389 1
31808.692 6499.9 5.04 0.503 2
32320.672 9199.8 51.84 0.383 1
32374.692 6500.7 10.11 0.517 2
32427.701 8000.8 -23.90 49.988 4
32722.577 8131.4 76.35 48.559 0
32766.478 12199.8 77.52 4.012 3
32836.672 9200.2 39.53 0.461 1
32840.692 6500.3 5.39 0.488 2
33131.701 8000.6 -26.05 49.988 4
33352.672 9199.9 41.98 0.398 1
33406.692 6500.2 12.58 0.528 2
33868.672 9200.8 49.71 0.360 1
33872.692 6499.8 9.48 0.507 2
33908.025 11425.8 173.98 32.964 0
34384.672 9200.7 48.59 0.387 1
34438.692 6500.9 10.20 0.510 2
34539.701 8000.1 -24.77 50.004 4
34754.115 11085.4 15.06 15.058 0
34900.672 9200.3 46.13 0.414 1
34904.692 6500.4 5.54 0.511 2
35243.701 7999.4 -28.12 50.027 4
35416.672 9198.9 50.81 0.390 1
35470.692 6499.9 14.02 0.484 2
35916.051 12199.9 70.80 4.028 3
35932.672 9200.0 39.56 0.427 1
35936.692 6499.2 13.46 0.463 2
35947.701 8000.1 -36.38 49.981 4
36448.672 9200.3 37.60 0.420 1
36502.692 6500.2 14.31 0.479 2
36651.701 7999.5 -32.36 50.023 4
36964.672 9200.5 40.67 0.397 1
36968.692 6499.4 21.14 0.533 2
37480.672 9199.7 45.61 0.391 1
37534.692 6499.1 9.74 0.526 2
37996.672 9200.9 41.02 0.380 1
38000.692 6499.9 16.02 0.493 2
38091.701 8000.3 -30.09 49.940 4
38512.672 9199.3 42.56 0.386 1
38566.692 6500.1 9.38 0.494 2
38827.701 7999.9 -40.26 49.998 4
39028.672 9199.7 40.12 0.371 1
39032.692 6500.6 11.97 0.521 2
39494.255 12199.3 85.24 3.976 3
39544.672 9200.5 41.90 0.424 1
39563.701 8000.2 -24.78 50.031 4
39598.692 6500.1 11.83 0.497 2
40064.692 6500.4 11.32 0.474 2
40299.701 7999.7 -21.34 50.016 4
40576.672 9201.0 46.84 0.375 1
40630.692 6499.4 13.29 0.525 2
41035.701 8000.6 -22.68 49.991 4
41092.672 9200.1 48.97 0.376 1
41096.692 6500.0 8.48 0.510 2
41608.672 9199.7 42.60 0.365 1
41662.692 6500.1 10.20 0.450 2
41771.701 8000.1 -35.09 49.995 4
42124.672 9199.8 43.96 0.381 1
42128.692 6500.4 12.68 0.494 2
42411.701 8000.6 -27.82 49.974 4
42624.272 7567.4 -11.70 36.397 0
42640.672 9199.5 42.09 0.338 1
42694.692 6500.1 18.74 0.503 2
43051.701 8000.3 -40.63 50.004 4
43156.672 9199.4 47.66 0.377 1
43160.692 6500.4 5.79 0.510 2
43371.800 12200.9 80.04 4.010 3
43672.672 9200.3 45.45 0.426 1
43691.701 8000.1 -21.55 49.964 4
43726.692 6499.7 0.97 0.503 2
44188.672 9200.3 52.97 0.393 1
44192.692 6500.2 7.58 0.487 2
44331.701 7999.8 -39.70 49.980 4
44758.692 6500.2 10.45 0.498 2
44971.701 8000.0 -27.95 50.022 4
45220.672 9199.6 46.81 0.390 1
45611.701 8000.4 -24.19 50.000 4
45736.672 9200.8 47.22 0.435 1
45790.692 6500.1 10.46 0.495 2
46021.403 12199.7 89.54 3.978 3
46031.238 11903.2 151.92 40.668 0
46251.701 8000.3 -23.54 49.993 4
46252.672 9199.9 43.20 0.404 1
46256.692 6499.8 15.91 0.493 2
46768.672 9200.8 47.92 0.392 1
46822.692 6499.0 14.88 0.525 2
46955.701 7999.4 -28.28 49.998 4
47659.701 8000.5 -37.13 50.055 4
47800.672 9199.6 55.59 0.394 1
47854.692 6499.8 7.65 0.493 2
48316.672 9200.1 38.29 0.376 1
48320.692 6499.6 8.27 0.459 2
48363.701 7999.9 -30.51 50.021 4
48589.303 12200.7 81.79 3.993 3
48832.672 9200.5 49.60 0.404 1
48886.692 6499.8 8.22 0.511 2
49067.701 8000.4 -31.34 49.984 4
49348.672 9200.1 39.39 0.399 1
49352.692 6500.1 8.87 0.517 2
49771.701 7999.7 -28.16 50.033 4
49864.672 9199.7 50.75 0.421 1
49918.692 6500.8 2.14 0.511 2
50380.672 9199.3 43.08 0.382 1
50384.692 6499.9 7.69 0.518 2
50475.701 8000.3 -25.06 49.998 4
50896.672 9199.3 45.79 0.416 1
50950.692 6500.2 7.88 0.509 2
51179.701 7999.6 -26.69 50.015 4
51412.672 9200.3 45.27 0.417 1
51416.692 6500.7 9.06 0.507 2
51616.511 12199.7 80.95 4.010 3
51915.701 8000.1 -19.39 49.988 4
51928.672 9200.5 50.50 0.387 1
51982.692 6500.3 8.73 0.509 2
52444.672 9199.9 43.39 0.403 1
52448.692 6500.5 13.36 0.495 2
52651.701 7999.9 -26.69 49.981 4
52960.672 9199.5 30.16 0.383 1
53014.692 6499.8 7.34 0.524 2
53152.466 12199.9 94.37 4.032 3
53387.701 7999.9 -31.94 50.016 4
53476.672 9200.4 41.20 0.447 1
53480.692 6500.4 7.81 0.493 2
53992.672 9199.4 45.92 0.386 1
54046.692 6500.0 12.71 0.471 2
54123.701 7999.7 -21.85 49.985 4
54278.809 11010.9 166.21 0.916 0
54463.833 8664.0 170.10 34.525 0
54508.672 9199.6 42.80 0.391 1
54512.692 6500.5 8.82 0.517 2
55024.672 9200.3 48.85 0.379 1
55078.692 6499.5 11.08 0.537 2
55540.672 9198.9 50.08 0.393 1
55544.692 6499.6 13.35 0.481 2
55595.701 7999.1 -28.59 50.018 4
55886.949 12200.6 79.14 3.984 3
56056.672 9200.2 44.26 0.400 1
56110.692 6500.6 12.11 0.498 2
56235.701 8000.4 -29.10 49.977 4
56572.672 9199.7 37.55 0.415 1
56576.692 6499.9 11.25 0.486 2
56875.701 8000.5 -41.47 49.972 4
57088.672 9200.1 51.92 0.388 1
57142.692 6499.8 9.02 0.492 2
57515.701 7999.8 -28.62 50.011 4
57604.672 9200.0 50.42 0.396 1
57608.692 6500.0 13.41 0.501 2
58120.672 9200.1 43.50 0.372 1
58155.701 7999.3 -28.55 49.961 4
58174.692 6499.7 10.88 0.475 2
58636.672 9200.3 55.54 0.383 1
58640.692 6500.7 7.48 0.494 2
58751.461 12200.2 75.24 3.998 3
58795.701 7999.7 -31.05 49.985 4
59152.672 9199.6 43.26 0.455 1
59206.692 6499.4 9.25 0.471 2
59435.701 8000.5 -30.71 49.993 4
59668.672 9200.7 39.31 0.421 1
59672.692 6499.9 3.91 0.489 2
60075.701 8000.3 -36.42 49.973 4
60184.672 9200.4 44.22 0.384 1
60238.692 6500.2 5.19 0.476 2
60700.672 9200.4 50.39 0.373 1
60779.701 7999.8 -29.59 49.978 4
60787.741 10423.2 -154.71 16.252 0
61216.672 9200.6 40.31 0.380 1
61270.692 6499.6 6.60 0.466 2
61483.701 8000.4 -22.49 50.013 4
61521.790 12200.1 81.15 4.023 3
61732.672 9200.4 54.76 0.400 1
61736.692 6499.6 16.68 0.524 2
62187.701 7999.5 -30.89 50.006 4
62248.672 9200.4 40.52 0.401 1
62302.692 6500.2 7.22 0.510 2
62764.672 9200.0 49.77 0.385 1
62768.692 6499.5 13.94 0.462 2
62891.701 7999.7 -32.61 49.981 4
63280.672 9199.3 47.72 0.374 1
63334.692 6500.3 9.98 0.488 2
63595.701 8000.2 -33.04 50.011 4
63729.854 12200.1 85.68 3.970 3
63796.672 9199.9 44.23 0.428 1
64299.701 8000.0 -19.91 50.030 4
64312.672 9199.6 50.40 0.409 1
64366.692 6499.7 16.69 0.486 2
64828.672 9199.3 37.50 0.393 1
64832.692 6500.0 12.91 0.471 2
65003.701 7999.7 -36.78 49.974 4
65344.672 9200.1 51.79 0.396 1
65398.692 6499.4 1.24 0.515 2
65739.701 7998.7 -25.78 50.001 4
65860.672 9199.7 44.68 0.389 1
65864.692 6500.3 15.21 0.492 2
66376.672 9199.5 42.29 0.341 1
66475.701 8000.3 -29.44 50.040 4
66607.078 12199.3 74.17 4.007 3
66892.672 9199.5 48.75 0.402 1
66896.692 6499.5 9.11 0.511 2
67211.701 8000.2 -20.40 50.012 4
67408.672 9200.1 50.30 0.379 1
67924.672 9200.2 48.85 0.380 1
67928.692 6499.2 8.50 0.464 2
67947.701 7999.1 -23.44 50.016 4
68440.672 9200.7 55.00 0.387 1
68494.692 6500.0 15.59 0.535 2
68683.701 8000.3 -30.44 49.996 4
68898.644 7020.4 -43.50 30.095 0
68956.672 9200.0 50.40 0.415 1
68960.692 6499.4 13.81 0.525 2
69218.774 12199.8 75.46 3.994 3
69472.672 9200.5 51.42 0.377 1
69526.692 6499.3 2.12 0.511 2
69992.692 6499.9 7.64 0.548 2
70059.701 8000.1 -22.85 50.023 4
70504.672 9200.6 45.53 0.413 1
70558.692 6501.1 11.41 0.504 2
70699.701 8000.5 -22.71 50.013 4
71020.672 9198.8 47.81 0.415 1
71024.692 6500.1 7.13 0.516 2
71339.701 7999.6 -35.52 49.999 4
71536.672 9200.6 44.91 0.381 1
71590.692 6500.4 8.92 0.485 2
71979.701 8000.4 -26.27 49.991 4
72052.672 9200.2 46.51 0.411 1
72056.692 6500.1 14.00 0.523 2
72568.672 9200.2 47.13 0.394 1
72597.515 12199.5 82.25 3.982 3
72619.701 8000.3 -34.00 49.965 4
73084.672 9200.2 49.22 0.406 1
73088.692 6499.3 5.40 0.491 2
73259.701 8000.4 -33.88 50.003 4
73600.672 9200.2 44.49 0.375 1
73654.692 6499.8 10.87 0.542 2
73899.701 8000.8 -38.05 49.986 4
74116.672 9200.2 43.25 0.417 1
74120.692 6500.1 6.94 0.494 2
74603.701 8000.3 -25.34 49.997 4
74632.672 9199.8 40.86 0.424 1
74686.692 6500.0 3.92 0.500 2
75138.278 12200.1 64.01 4.003 3
75148.672 9199.0 40.54 0.413 1
75152.692 6499.9 4.35 0.496 2
75307.701 7999.7 -28.64 50.013 4
75718.692 6499.7 11.43 0.485 2
76011.701 8000.9 -27.53 50.016 4
76180.672 9199.6 44.58 0.325 1
76750.692 6499.6 10.03 0.515 2
77212.672 9199.9 38.51 0.399 1
77216.692 6498.8 4.27 0.507 2
77419.701 7999.8 -26.66 50.045 4
77728.672 9200.0 35.31 0.397 1
77782.692 6499.4 9.08 0.453 2
77997.105 12199.7 74.54 4.012 3
78011.622 10127.3 -34.29 31.079 0
78123.701 7999.5 -27.08 50.023 4
78244.672 9199.6 39.75 0.387 1
78248.692 6500.2 4.81 0.520 2
78760.672 9199.7 50.73 0.401 1
78814.692 6500.8 5.37 0.493 2
78827.701 7999.9 -26.25 49.985 4
79280.692 6500.9 9.17 0.476 2
79563.701 8000.5 -35.32 49.984 4
79720.309 6982.6 -110.79 2.712 0
79792.672 9199.3 46.66 0.395 1
