347.670 7999.4 -27.05 50.000 3
407.655 9199.9 52.95 0.415 1
450.554 2899.2 -126.72 12.009 2
950.554 2901.0 -122.15 12.011 2
1047.655 9200.3 38.72 0.417 1
1087.670 7999.5 -35.16 49.982 3
1450.554 2899.8 -118.69 12.035 2
1687.655 9200.1 39.09 0.423 1
1827.670 7999.1 -28.50 50.010 3
1950.554 2899.6 -120.09 11.990 2
2450.554 2900.7 -120.96 12.002 2
2567.670 8000.6 -24.22 49.998 3
2950.554 2900.0 -123.33 11.986 2
2967.655 9200.2 40.18 0.417 1
3307.670 8000.3 -21.22 50.001 3
3450.554 2899.8 -121.29 11.976 2
3607.655 9200.7 29.47 0.402 1
4047.670 7999.0 -33.50 49.982 3
4247.655 9200.5 39.29 0.371 1
4450.554 2900.4 -132.11 11.993 2
4787.670 7999.7 -34.32 50.016 3
4887.655 9199.6 51.48 0.397 1
4950.554 2900.5 -125.97 12.027 2
5450.554 2899.3 -117.62 12.000 2
5527.655 9199.4 43.27 0.385 1
5557.670 7999.7 -29.73 50.014 3
5950.554 2901.0 -112.21 11.984 2
6167.655 9199.7 49.27 0.372 1
6327.670 7999.7 -44.64 50.017 3
6450.554 2900.5 -110.93 12.003 2
6807.655 9200.0 42.56 0.405 1
6950.554 2899.8 -119.52 12.004 2
7097.670 7999.3 -32.66 50.045 3
7450.554 2899.6 -115.53 11.986 2
7511.655 9198.8 53.80 0.389 1
7867.670 8000.4 -31.35 49.999 3
7950.554 2899.5 -115.46 12.023 2
8215.655 9199.9 46.00 0.379 1
8450.554 2900.1 -123.46 11.962 2
8637.670 7999.8 -32.30 50.024 3
8919.655 9199.4 43.09 0.379 1
9104.554 2899.7 -128.49 11.996 2
9407.670 8000.2 -37.92 49.998 3
9623.655 9199.6 57.76 0.405 1
9758.554 2899.6 -119.85 12.013 2
10093.776 8095.7 19.71 40.159 0
10297.670 8000.3 -31.23 50.008 3
10327.655 9199.7 43.38 0.407 1
10412.554 2900.4 -128.81 11.973 2
10845.235 4865.8 68.02 30.261 0
11066.554 2900.2 -121.60 12.007 2
11187.670 8000.7 -33.88 50.007 3
11720.554 2899.8 -116.96 12.026 2
11735.655 9200.2 46.01 0.400 1
12077.670 7999.1 -26.21 50.005 3
12374.554 2900.4 -127.10 12.009 2
12439.655 9200.5 44.81 0.421 1
12967.670 8000.9 -34.59 50.013 3
13143.655 9199.9 50.33 0.428 1
13682.554 2899.5 -113.80 11.985 2
13857.670 8000.6 -31.41 49.994 3
13879.655 9200.7 40.39 0.423 1
14597.670 8000.3 -31.16 50.001 3
14615.655 9199.7 49.02 0.353 1
14990.554 2900.5 -117.39 12.006 2
15337.670 8001.2 -27.16 50.011 3
15351.655 9200.2 49.26 0.425 1
15644.554 2900.4 -115.47 12.000 2
16077.670 8000.1 -42.73 50.035 3
16298.554 2900.1 -111.34 12.009 2
16817.670 8000.4 -31.70 49.983 3
16823.655 9200.0 45.82 0.408 1
16952.554 2900.6 -119.24 12.014 2
17236.919 3716.3 114.46 43.364 0
17557.670 7999.6 -26.20 49.964 3
17559.655 9199.6 40.85 0.407 1
17736.554 2899.5 -113.85 11.986 2
18295.655 9199.5 56.73 0.408 1
18297.670 8000.6 -31.81 49.990 3
18520.554 2899.3 -120.32 11.994 2
19031.655 9199.8 41.48 0.406 1
19067.670 8000.1 -37.63 50.002 3
19304.554 2899.6 -122.73 12.003 2
19767.655 9200.1 42.73 0.393 1
19837.670 7999.8 -28.37 50.003 3
20088.554 2900.1 -118.43 11.989 2
20407.655 9199.5 39.67 0.362 1
20607.670 8001.1 -28.32 50.002 3
20872.554 2899.6 -123.03 11.997 2
21047.655 9199.9 43.27 0.398 1
21377.670 7999.8 -31.35 50.024 3
21454.082 3009.0 -137.13 20.091 0
21656.554 2899.8 -122.87 12.026 2
21687.655 9199.9 44.97 0.384 1
22147.670 8000.0 -35.80 50.020 3
22327.655 9200.3 48.84 0.422 1
22440.554 2899.5 -123.04 11.981 2
22917.670 7999.9 -33.70 49.999 3
22967.655 9200.1 41.95 0.394 1
23224.554 2899.7 -131.48 12.039 2
23607.655 9200.2 44.07 0.402 1
23807.670 7999.6 -31.57 49.991 3
24008.554 2899.5 -119.47 12.038 2
24247.655 9199.7 37.92 0.383 1
24697.670 8000.3 -34.38 49.993 3
24792.554 2900.2 -126.32 11.966 2
24887.655 9199.9 40.86 0.390 1
25527.655 9200.4 58.78 0.400 1
25576.554 2900.4 -120.54 11.997 2
25587.670 8000.4 -39.60 49.993 3
26076.554 2899.8 -112.75 12.007 2
26167.655 9200.7 50.21 0.370 1
26477.670 8000.2 -33.85 49.995 3
26576.554 2899.9 -122.61 11.985 2
26871.655 9199.4 41.09 0.406 1
27076.554 2899.7 -122.71 11.985 2
27367.670 7998.8 -30.31 49.969 3
27575.655 9200.8 38.31 0.398 1
27576.554 2900.3 -113.18 11.995 2
28076.554 2900.0 -117.27 12.015 2
28107.670 8000.5 -32.54 49.991 3
28279.655 9200.7 40.12 0.376 1
28576.554 2900.8 -115.12 11.990 2
28847.670 7999.8 -30.38 49.992 3
28983.655 9200.4 44.89 0.352 1
29076.554 2899.5 -121.78 12.037 2
29576.554 2900.2 -116.26 12.006 2
29587.670 7999.4 -29.58 49.996 3
29687.655 9200.1 45.17 0.410 1
30076.554 2900.2 -123.43 11.998 2
30327.670 8000.3 -25.52 49.995 3
30391.655 9199.8 41.28 0.394 1
30576.554 2899.8 -123.38 12.029 2
31067.670 8000.3 -18.98 50.013 3
31076.554 2900.3 -117.02 12.013 2
31095.655 9200.7 38.57 0.389 1
31576.554 2899.3 -122.99 12.007 2
31688.436 5849.6 -51.21 28.515 0
31799.655 9201.0 52.11 0.395 1
31807.670 7999.5 -26.34 49.989 3
32076.554 2901.1 -116.16 11.993 2
32503.655 9200.9 47.26 0.436 1
32576.554 2899.3 -108.04 12.036 2
32577.670 8001.2 -37.02 49.991 3
33076.554 2900.5 -128.43 12.016 2
33239.655 9200.7 43.13 0.399 1
33347.670 7999.4 -43.28 50.011 3
33576.554 2899.4 -123.76 11.996 2
33975.655 9200.2 43.90 0.402 1
34117.670 7999.1 -30.47 49.995 3
34230.554 2900.6 -114.40 11.968 2
34711.655 9199.4 42.35 0.370 1
34884.554 2899.8 -120.73 12.007 2
34887.670 7999.4 -29.64 50.004 3
35447.655 9200.0 30.32 0.433 1
35538.554 2900.1 -114.19 11.977 2
35657.670 8000.7 -35.81 50.013 3
36183.655 9200.3 45.58 0.418 1
36427.670 7999.9 -28.64 50.008 3
36568.347 5047.1 -11.07 7.389 0
36846.554 2900.6 -118.34 11.994 2
37317.670 7999.8 -33.83 50.005 3
37500.554 2899.8 -120.75 12.006 2
37655.655 9200.2 39.99 0.401 1
38154.554 2898.5 -119.30 12.026 2
38207.670 8000.0 -27.99 49.996 3
38391.655 9200.2 41.80 0.418 1
38808.554 2899.6 -118.34 12.006 2
39097.670 7999.7 -31.63 50.014 3
39127.655 9200.3 48.66 0.407 1
39462.554 2900.1 -126.10 12.016 2
39767.655 9199.4 39.15 0.412 1
39987.670 7999.7 -28.01 50.004 3
40116.554 2899.8 -125.37 11.975 2
40407.655 9199.7 37.83 0.397 1
40770.554 2900.4 -113.00 12.000 2
40877.670 7999.7 -38.72 49.990 3
41047.655 9199.8 48.20 0.371 1
41424.554 2900.5 -118.53 12.002 2
41517.044 4698.8 97.77 2.977 0
41617.670 8000.4 -32.19 49.997 3
41687.655 9199.4 48.77 0.421 1
42078.554 2899.9 -119.47 12.017 2
42327.655 9200.9 40.21 0.361 1
42357.670 8000.5 -30.74 49.976 3
42862.554 2899.3 -120.22 12.002 2
42967.655 9199.8 47.81 0.395 1
43097.670 7999.5 -37.12 49.981 3
43607.655 9200.2 43.54 0.396 1
43646.554 2900.7 -118.22 12.016 2
43837.670 8000.1 -20.59 49.962 3
44247.655 9199.9 46.51 0.379 1
44430.554 2900.5 -125.78 11.990 2
44577.670 8000.4 -32.70 49.986 3
44887.655 9200.8 38.70 0.412 1
45214.554 2899.9 -125.00 12.007 2
45317.670 7999.5 -23.05 50.027 3
45527.655 9200.7 49.16 0.396 1
45998.554 2901.1 -113.48 12.008 2
46087.670 7999.7 -33.32 49.989 3
46231.655 9200.3 51.02 0.391 1
46782.554 2899.8 -119.24 11.975 2
46857.670 7999.5 -31.15 50.016 3
46935.655 9198.9 48.19 0.410 1
47566.554 2899.4 -115.75 12.004 2
47627.670 7999.4 -24.08 50.000 3
47639.655 9200.0 47.79 0.390 1
48017.104 8382.2 69.03 10.339 0
48343.655 9200.3 26.14 0.428 1
48350.554 2899.9 -123.03 11.994 2
48397.670 8000.1 -28.48 49.986 3
49047.655 9200.5 46.30 0.407 1
49134.554 2900.5 -113.12 11.962 2
49167.670 7999.6 -29.04 50.027 3
49751.655 9199.7 44.87 0.391 1
49937.670 8000.3 -28.67 50.012 3
50455.655 9200.9 44.26 0.361 1
50702.554 2901.0 -117.59 11.993 2
51159.655 9199.3 41.85 0.374 1
51202.554 2899.6 -117.26 11.983 2
51702.554 2900.5 -123.99 11.992 2
51717.670 8000.2 -31.95 50.021 3
51863.655 9199.7 45.28 0.422 1
52202.554 2900.3 -129.33 12.003 2
52599.655 9200.5 47.06 0.399 1
52607.670 7999.9 -34.78 49.979 3
52702.554 2899.9 -125.37 12.030 2
53202.554 2900.5 -111.85 11.997 2
53335.655 9200.0 43.68 0.394 1
53497.670 7999.7 -29.01 49.996 3
53702.554 2899.3 -113.50 12.009 2
54071.655 9201.0 42.68 0.433 1
54202.554 2900.7 -121.73 12.027 2
54387.670 8000.0 -32.72 50.013 3
54702.554 2900.0 -121.51 12.011 2
54807.655 9200.1 51.15 0.374 1
55202.554 2899.7 -114.82 12.021 2
55543.655 9199.7 39.47 0.388 1
55702.554 2900.4 -120.84 11.990 2
55867.670 7999.6 -30.39 50.022 3
56202.554 2900.5 -126.50 12.015 2
56279.655 9199.8 50.15 0.391 1
56607.670 8000.2 -30.18 50.015 3
56702.554 2900.4 -113.67 11.999 2
57015.655 9199.5 45.88 0.412 1
57202.554 2901.0 -117.61 12.021 2
57347.670 8000.4 -30.17 49.968 3
57702.554 2900.5 -132.58 11.980 2
57751.655 9199.4 40.98 0.387 1
58087.670 8000.1 -33.26 49.991 3
58202.554 2900.6 -121.57 11.984 2
58487.655 9200.3 43.55 0.388 1
58827.670 8000.9 -35.27 50.006 3
59127.655 9200.3 40.40 0.368 1
59356.554 2900.1 -117.59 11.996 2
59487.261 7737.7 -36.50 41.629 0
59597.670 7999.7 -33.32 49.989 3
59767.655 9200.6 48.38 0.415 1
60010.554 2900.3 -119.24 11.993 2
60367.670 8000.3 -24.64 49.996 3
60407.655 9199.6 46.74 0.416 1
60664.554 2900.0 -123.18 12.002 2
61047.655 9200.8 42.22 0.390 1
61137.670 7999.8 -28.13 50.016 3
61318.554 2900.2 -120.58 11.986 2
61687.655 9199.9 39.49 0.403 1
61907.670 8000.1 -27.07 50.006 3
61972.554 2900.2 -118.53 12.027 2
62327.655 9200.8 46.51 0.374 1
62626.554 2900.4 -121.34 11.975 2
62677.670 7999.6 -23.10 49.982 3
62967.655 9199.8 49.79 0.391 1
63280.554 2899.9 -121.86 11.997 2
63447.670 8000.6 -35.90 50.003 3
63607.655 9199.6 44.43 0.428 1
63934.554 2899.8 -113.74 12.007 2
64015.406 8312.5 -1.95 5.672 0
64247.655 9200.1 47.09 0.403 1
64337.670 8000.1 -27.45 49.988 3
64588.554 2899.6 -124.73 11.998 2
64887.655 9200.5 43.12 0.446 1
65227.670 8000.6 -35.38 49.976 3
65242.554 2899.6 -121.75 11.984 2
65299.736 8875.5 91.76 3.396 0
65591.655 9200.1 45.34 0.384 1
65896.554 2900.6 -130.16 11.983 2
66295.655 9199.7 43.54 0.412 1
66550.554 2900.0 -117.30 12.009 2
66999.655 9199.3 46.47 0.396 1
67007.670 7999.8 -27.58 50.006 3
67204.554 2900.4 -115.86 11.979 2
67703.655 9199.3 37.45 0.411 1
67865.025 4532.1 -55.61 37.329 0
67897.670 7999.6 -21.93 49.999 3
67988.554 2899.4 -117.26 12.013 2
68156.670 5761.5 -40.52 12.474 0
68407.655 9200.3 48.22 0.400 1
68637.670 7999.7 -33.91 50.000 3
68661.480 5021.2 119.51 5.123 0
68772.554 2899.0 -115.41 11.970 2
69111.655 9200.5 43.85 0.389 1
69322.121 7666.1 66.88 7.633 0
69377.670 7999.7 -30.47 49.977 3
69556.554 2899.5 -117.80 11.989 2
69815.655 9199.9 46.79 0.383 1
70117.670 7999.9 -24.22 49.996 3
70340.554 2900.6 -118.29 12.001 2
70519.655 9199.5 43.30 0.461 1
70857.670 8000.0 -37.45 49.979 3
71124.554 2900.5 -117.63 11.975 2
71223.655 9200.4 46.60 0.398 1
71597.670 8000.0 -28.19 49.981 3
71908.554 2900.2 -121.34 12.013 2
71959.655 9199.4 39.64 0.360 1
72337.670 7999.7 -31.54 49.997 3
72692.554 2899.6 -114.06 12.000 2
72695.655 9199.6 50.95 0.387 1
73107.670 8000.1 -34.41 49.972 3
73431.655 9200.3 36.48 0.414 1
73476.554 2899.9 -121.74 11.979 2
73877.670 8000.4 -29.27 50.013 3
74167.655 9198.9 39.80 0.390 1
74260.554 2899.9 -127.31 11.970 2
74353.360 5204.1 -118.31 24.382 0
74598.359 3829.0 -149.47 16.379 0
74647.670 7999.5 -27.03 50.050 3
74903.655 9200.2 46.18 0.427 1
75044.554 2899.8 -115.75 11.969 2
75417.670 8000.0 -34.56 50.009 3
75639.655 9199.7 52.31 0.420 1
75828.554 2898.7 -110.75 12.001 2
76187.670 8000.0 -28.10 49.979 3
76328.554 2899.6 -124.80 11.977 2
76375.655 9200.1 46.39 0.397 1
76828.554 2899.9 -120.51 11.973 2
76957.670 8000.2 -29.13 49.995 3
77111.655 9200.0 43.76 0.391 1
77328.554 2900.8 -123.43 11.995 2
77828.554 2900.1 -121.90 12.046 2
77847.655 9200.1 37.87 0.380 1
77847.670 8000.0 -36.21 49.969 3
78328.554 2900.7 -119.77 12.006 2
78487.655 9200.3 44.04 0.386 1
78737.670 8000.0 -22.23 49.992 3
78828.554 2899.8 -126.21 12.015 2
79127.655 9199.6 44.90 0.371 1
79328.554 2899.9 -121.39 12.004 2
79627.670 7999.5 -24.55 50.010 3
79767.655 9200.7 53.45 0.424 1
79828.554 2898.1 -127.33 12.016 2
