216.104 999.5 28.97 0.675 6
300.906 8000.8 -27.07 50.022 5
328.672 9199.9 42.68 0.406 1
373.658 2899.9 -119.12 11.989 2
452.336 6499.7 10.76 0.518 3
828.658 2899.9 -114.04 11.988 2
844.672 9200.3 51.15 0.398 1
918.336 6500.7 20.96 0.479 3
940.906 8000.4 -36.39 49.942 5
1166.104 999.4 35.46 0.696 6
1283.658 2899.8 -126.33 11.954 2
1360.672 9200.1 39.47 0.376 1
1484.336 6499.7 12.32 0.488 3
1566.104 999.3 33.55 0.729 6
1580.906 8000.2 -35.58 49.993 5
1738.658 2898.7 -122.47 12.002 2
1876.672 9199.7 50.15 0.352 1
1950.336 6499.9 11.54 0.509 3
2016.104 999.8 30.37 0.697 6
2193.658 2899.6 -124.46 11.975 2
2220.906 7999.2 -25.91 49.968 5
2392.672 9200.2 45.88 0.410 1
2516.336 6500.6 10.01 0.498 3
2616.104 1000.2 35.16 0.721 6
2860.906 8000.1 -26.76 49.986 5
2908.672 9200.7 40.98 0.394 1
2982.336 6500.2 9.14 0.488 3
3090.394 4611.5 -154.60 36.194 0
3103.658 2900.8 -123.46 12.029 2
3366.104 999.3 36.97 0.683 6
3424.672 9200.5 43.55 0.389 1
3500.906 7999.3 -27.41 50.015 5
3548.336 6500.1 16.16 0.450 3
3558.658 2900.1 -120.60 11.990 2
3816.104 998.9 30.82 0.675 6
3817.910 3316.6 79.98 28.203 0
3940.672 9199.6 40.40 0.395 1
3991.207 12200.1 85.57 3.998 4
4013.658 2900.7 -120.09 11.989 2
4014.336 6500.1 5.04 0.513 3
4140.906 7999.8 -25.80 49.996 5
4416.104 999.6 28.43 0.695 6
4456.672 9199.4 48.38 0.436 1
4468.658 2899.8 -120.20 12.027 2
4580.336 6499.3 9.37 0.506 3
4766.104 1000.4 27.60 0.715 6
4780.906 8000.1 -32.77 49.991 5
4923.658 2899.9 -122.78 12.011 2
4972.672 9199.7 46.74 0.399 1
5046.336 6499.8 4.52 0.465 3
5166.104 1000.5 34.46 0.689 6
5181.094 2676.6 131.42 4.512 0
5374.876 7067.3 -122.68 17.826 0
5378.658 2898.1 -119.06 12.020 2
5484.906 7999.8 -27.18 50.026 5
5488.672 9200.0 42.22 0.402 1
5612.336 6499.5 10.44 0.512 3
5616.104 1000.4 26.49 0.675 6
5833.658 2900.2 -115.62 11.993 2
6004.672 9198.8 39.49 0.370 1
6078.336 6500.1 10.60 0.500 3
6188.906 8000.5 -34.94 49.970 5
6216.104 999.9 25.43 0.719 6
6288.658 2900.3 -124.51 12.015 2
6520.672 9199.9 46.51 0.433 1
6523.889 4817.9 -2.31 25.969 0
6566.104 1000.1 32.77 0.685 6
6600.221 4795.2 123.17 23.450 0
6644.336 6499.7 14.60 0.506 3
6743.658 2900.9 -120.00 11.986 2
6892.906 7999.9 -29.69 49.998 5
6966.104 1000.6 32.62 0.705 6
7036.672 9199.4 49.79 0.418 1
7110.336 6500.0 15.99 0.519 3
7198.658 2899.8 -120.37 11.986 2
7416.104 999.6 33.18 0.687 6
7552.672 9199.6 44.43 0.421 1
7596.906 7999.2 -25.35 50.011 5
7653.658 2900.0 -117.66 12.012 2
7676.336 6500.0 13.32 0.485 3
7751.339 10421.4 69.73 14.185 0
7829.594 12200.7 82.05 3.989 4
8016.104 1000.2 25.75 0.710 6
8068.672 9199.7 47.09 0.401 1
8108.658 2899.6 -120.32 11.988 2
8142.336 6500.0 18.11 0.514 3
8300.906 7999.5 -33.38 50.000 5
8366.104 999.1 31.50 0.692 6
8563.658 2899.4 -120.08 12.015 2
8584.672 9199.8 43.12 0.418 1
8708.336 6500.0 17.94 0.514 3
8766.104 1000.3 34.58 0.716 6
9004.906 7999.4 -20.24 49.977 5
9018.658 2899.6 -124.96 12.048 2
9100.672 9200.2 45.34 0.407 1
9174.336 6499.7 11.58 0.515 3
9216.104 999.8 27.60 0.712 6
9473.658 2899.8 -119.89 11.966 2
9708.906 7999.8 -24.33 50.000 5
9740.336 6499.5 11.87 0.533 3
9816.104 999.4 28.66 0.744 6
9928.658 2900.7 -124.61 11.985 2
10132.672 9199.9 46.47 0.397 1
10166.104 1000.4 28.51 0.698 6
10206.336 6499.7 0.32 0.513 3
10383.658 2900.0 -117.42 12.022 2
10391.530 12200.3 78.70 4.005 4
10444.906 8000.6 -23.14 50.016 5
10566.104 999.4 37.60 0.680 6
10648.672 9200.7 37.45 0.371 1
10772.336 6500.5 11.60 0.489 3
10838.658 2899.6 -120.52 11.997 2
11016.104 999.6 34.50 0.677 6
11164.672 9199.7 48.22 0.421 1
11180.906 8000.3 -31.06 50.007 5
11238.336 6500.2 9.97 0.536 3
11293.658 2900.1 -119.80 12.023 2
11616.104 1000.8 23.30 0.688 6
11680.672 9200.2 43.85 0.361 1
11748.658 2900.1 -124.46 11.980 2
11804.336 6500.3 1.56 0.478 3
11916.906 8000.2 -36.94 50.006 5
11966.104 999.5 22.40 0.708 6
12006.628 11949.4 30.21 33.654 0
12196.672 9200.5 46.79 0.395 1
12203.658 2899.7 -115.98 12.007 2
12270.336 6500.7 7.84 0.491 3
12366.104 999.7 33.25 0.686 6
12652.906 7999.4 -33.49 50.006 5
12658.658 2900.6 -116.54 11.997 2
12712.672 9200.0 43.30 0.396 1
12816.104 999.7 28.93 0.730 6
12836.336 6499.4 14.79 0.481 3
13113.658 2899.1 -115.69 12.003 2
13228.672 9199.6 46.60 0.379 1
13302.336 6500.3 3.81 0.498 3
13388.906 8001.2 -27.24 50.003 5
13416.104 1000.4 32.66 0.704 6
13568.658 2899.9 -108.86 12.007 2
13744.672 9199.5 39.64 0.412 1
13766.104 999.1 31.33 0.680 6
13868.336 6499.5 16.46 0.522 3
13997.884 12199.5 88.79 4.011 4
14023.658 2900.3 -120.26 11.976 2
14124.906 8000.0 -31.40 49.975 5
14166.104 1000.6 35.05 0.691 6
14260.672 9199.8 50.95 0.396 1
14334.336 6499.8 12.37 0.526 3
14478.658 2899.3 -113.98 11.979 2
14616.104 999.9 21.87 0.687 6
14764.906 8001.2 -26.39 49.994 5
14776.672 9200.1 36.48 0.391 1
14900.336 6500.2 8.86 0.509 3
14933.658 2900.2 -120.62 12.028 2
15216.104 999.8 27.26 0.704 6
15292.672 9199.5 39.80 0.410 1
15366.336 6500.8 9.29 0.488 3
15388.658 2900.6 -118.03 12.006 2
15404.906 7999.6 -29.25 50.009 5
15566.104 999.6 31.25 0.679 6
15808.672 9199.9 46.18 0.390 1
15843.658 2900.2 -118.17 12.002 2
15932.336 6499.6 14.15 0.489 3
15966.104 999.9 31.17 0.726 6
16044.906 7999.7 -32.95 49.938 5
16298.658 2899.2 -118.68 11.999 2
16324.672 9199.9 52.31 0.428 1
16398.336 6500.0 2.84 0.488 3
16416.104 1000.7 25.26 0.693 6
16623.007 12200.3 71.64 4.011 4
16684.906 8001.3 -25.33 50.015 5
16753.658 2899.6 -116.71 12.007 2
16840.672 9200.3 46.39 0.407 1
16964.336 6500.6 20.20 0.519 3
17016.104 1000.1 27.36 0.695 6
17208.658 2900.6 -121.52 11.977 2
17324.906 7999.5 -23.24 50.007 5
17356.672 9200.1 43.76 0.391 1
17366.104 999.5 27.07 0.718 6
17430.336 6499.3 5.93 0.482 3
17663.658 2900.1 -119.80 11.980 2
17766.104 999.8 30.22 0.685 6
17872.672 9200.2 37.87 0.361 1
17964.906 8000.2 -33.66 49.978 5
17996.336 6500.2 6.17 0.517 3
18118.658 2900.0 -117.32 12.026 2
18216.104 1000.3 33.50 0.700 6
18282.594 8672.9 42.05 6.889 0
18388.672 9199.7 44.04 0.374 1
18403.165 8736.4 -125.28 43.273 0
18425.185 9555.4 93.08 17.292 0
18462.336 6499.8 16.10 0.499 3
18489.746 12199.9 84.90 4.006 4
18573.658 2900.2 -111.26 12.003 2
18604.906 7999.8 -27.44 49.985 5
18816.104 1000.0 28.62 0.736 6
18904.672 9199.9 44.90 0.422 1
19028.336 6499.6 13.95 0.503 3
19028.658 2900.4 -124.21 12.017 2
19166.104 999.9 29.23 0.708 6
19308.906 7999.6 -29.22 49.996 5
19420.672 9200.4 53.45 0.399 1
19483.658 2899.6 -129.03 11.988 2
19494.336 6500.1 16.63 0.530 3
19566.104 1000.3 19.53 0.706 6
19778.653 6167.5 -52.77 20.552 0
19936.672 9200.7 48.11 0.394 1
19938.658 2899.9 -122.42 12.028 2
19951.729 1172.1 -122.10 42.811 0
20012.906 8001.1 -28.60 50.008 5
20016.104 1000.2 24.69 0.690 6
20060.336 6500.3 15.23 0.490 3
20393.658 2900.1 -119.55 12.007 2
20452.672 9199.4 37.35 0.433 1
20526.336 6499.5 11.88 0.533 3
20716.906 7999.5 -30.52 49.993 5
20848.658 2899.7 -119.13 12.010 2
20966.104 999.0 21.43 0.735 6
20968.672 9200.8 55.13 0.374 1
21092.336 6500.2 3.62 0.472 3
21303.658 2899.9 -119.54 12.011 2
21310.800 12199.8 82.54 4.015 4
21366.104 1000.3 36.82 0.697 6
21420.906 8000.4 -36.26 50.023 5
21484.672 9200.7 43.02 0.388 1
21558.336 6500.1 7.64 0.484 3
21758.658 2900.6 -114.09 11.984 2
21816.104 1000.9 28.51 0.738 6
22000.672 9200.4 40.60 0.391 1
22124.336 6499.4 10.99 0.468 3
22124.906 8000.6 -22.95 50.008 5
22181.323 1385.2 -137.26 40.704 0
22213.658 2899.5 -115.12 11.963 2
22416.104 999.6 20.18 0.686 6
22516.672 9200.1 52.37 0.412 1
22590.336 6500.8 9.91 0.485 3
22668.658 2901.0 -120.25 11.979 2
22766.104 999.9 37.29 0.725 6
22828.906 7999.5 -35.22 49.984 5
22906.974 4793.2 61.80 7.250 0
23032.672 9199.8 44.75 0.387 1
23123.658 2900.9 -122.35 12.033 2
23156.336 6500.5 -0.26 0.512 3
23166.104 1000.7 36.42 0.696 6
23532.906 7999.1 -34.35 49.991 5
23548.672 9200.7 43.16 0.388 1
23578.658 2899.1 -121.73 12.026 2
23616.104 1000.9 27.48 0.708 6
23622.336 6499.6 15.22 0.515 3
24033.658 2899.9 -121.78 11.993 2
24064.672 9201.0 46.09 0.368 1
24188.336 6499.7 18.66 0.506 3
24216.104 1000.0 34.34 0.724 6
24268.906 7999.1 -26.72 50.005 5
24473.868 12199.6 82.96 4.019 4
24488.658 2900.2 -121.13 11.994 2
24566.104 1000.6 28.22 0.709 6
24580.672 9200.9 49.22 0.415 1
24654.336 6500.4 17.32 0.505 3
24887.250 3106.0 153.99 30.939 0
24943.658 2899.6 -127.86 12.021 2
24966.104 1000.4 30.25 0.716 6
25004.906 7999.6 -29.10 50.015 5
25096.672 9200.7 49.97 0.416 1
25220.336 6499.8 4.91 0.477 3
25398.658 2899.6 -122.31 11.997 2
25416.104 999.7 30.83 0.669 6
25612.672 9200.2 38.12 0.390 1
25686.336 6499.1 12.18 0.473 3
25740.906 8000.1 -33.98 50.014 5
25853.658 2899.9 -122.12 11.974 2
25874.555 5920.9 -8.35 35.736 0
26016.104 999.0 28.84 0.691 6
26128.672 9199.4 54.99 0.403 1
26252.336 6500.5 -0.63 0.506 3
26308.658 2900.4 -120.94 12.025 2
26366.104 999.5 32.62 0.741 6
26476.906 8000.2 -33.29 49.998 5
26644.672 9200.0 49.73 0.374 1
26718.336 6500.0 18.45 0.527 3
26763.658 2899.7 -121.27 12.010 2
26766.104 1000.2 31.93 0.695 6
27160.672 9200.3 43.10 0.391 1
27212.906 7999.9 -30.79 50.003 5
27216.104 1000.2 27.39 0.706 6
27218.658 2900.9 -116.64 11.950 2
27284.336 6501.0 0.30 0.493 3
27540.644 12200.0 81.33 3.978 4
27673.658 2900.1 -122.66 11.994 2
27676.672 9199.4 40.91 0.428 1
27750.336 6500.2 12.05 0.475 3
27816.104 999.7 31.48 0.697 6
27948.906 7999.9 -32.18 49.999 5
28128.658 2899.9 -122.19 12.003 2
28166.104 999.6 27.40 0.688 6
28187.651 7719.5 37.68 27.608 0
28192.672 9200.2 40.15 0.403 1
28316.336 6500.1 15.81 0.469 3
28566.104 999.2 30.67 0.670 6
28583.658 2900.7 -117.29 12.010 2
28588.906 8000.5 -26.77 50.016 5
28708.672 9200.2 45.62 0.446 1
28782.336 6501.4 16.46 0.486 3
29016.104 999.2 27.52 0.677 6
29027.483 5378.7 115.44 39.908 0
29038.658 2900.3 -121.18 12.003 2
29224.672 9200.3 41.76 0.384 1
29228.906 8000.4 -35.82 49.980 5
29348.336 6499.9 11.72 0.532 3
29493.658 2900.2 -118.92 11.987 2
29616.104 999.9 30.49 0.734 6
29624.293 1964.3 -34.22 27.137 0
29740.672 9199.4 41.18 0.412 1
29814.336 6499.5 2.87 0.496 3
29868.906 8000.2 -28.18 50.012 5
29948.658 2899.8 -116.65 11.998 2
29966.104 999.2 38.00 0.698 6
30256.672 9199.7 49.06 0.396 1
30366.104 1000.0 26.73 0.676 6
30380.336 6500.1 9.49 0.479 3
30403.658 2900.9 -117.89 12.006 2
30508.906 7999.7 -22.35 49.963 5
30592.443 12200.0 81.03 3.992 4
30772.672 9199.8 46.82 0.411 1
30816.104 999.6 22.68 0.682 6
30846.336 6500.6 8.66 0.488 3
30858.658 2900.4 -118.75 11.995 2
31148.906 8000.4 -28.99 50.009 5
31288.672 9199.4 43.03 0.400 1
31313.658 2899.9 -120.98 11.993 2
31412.336 6499.4 11.84 0.490 3
31416.104 999.8 37.97 0.717 6
31766.104 1001.1 31.46 0.681 6
31768.658 2899.2 -116.59 12.025 2
31788.906 8000.1 -34.44 50.005 5
31804.672 9200.9 48.67 0.389 1
31878.336 6499.5 14.94 0.505 3
32166.104 1000.0 26.75 0.687 6
32223.658 2900.2 -119.12 11.981 2
32320.672 9199.8 51.84 0.383 1
32428.906 7999.6 -33.62 50.000 5
32444.336 6500.2 13.31 0.487 3
32616.104 999.8 28.75 0.678 6
32678.658 2899.4 -122.52 11.993 2
32829.545 5148.5 -155.50 44.558 0
32836.672 9200.2 39.53 0.461 1
32910.336 6498.4 20.61 0.482 3
33132.906 7999.7 -29.78 49.957 5
33133.658 2899.1 -120.75 11.959 2
33216.104 999.9 25.43 0.675 6
33352.672 9199.9 41.98 0.398 1
33476.336 6499.5 13.31 0.496 3
33588.658 2899.9 -126.09 12.011 2
33740.654 12199.8 84.65 4.017 4
33836.906 8000.6 -33.12 50.031 5
33868.672 9200.8 49.71 0.360 1
33942.336 6500.4 8.06 0.509 3
33966.104 1000.7 33.57 0.697 6
34043.658 2900.1 -124.81 12.017 2
34384.672 9200.7 48.59 0.387 1
34416.104 1000.4 33.14 0.694 6
34498.658 2900.6 -129.41 12.011 2
34508.336 6499.7 18.15 0.514 3
34540.906 8000.9 -23.83 50.018 5
34646.770 6610.0 101.09 24.649 0
34900.672 9200.3 46.13 0.414 1
34953.658 2900.1 -123.40 12.018 2
34974.336 6499.2 8.43 0.511 3
35016.104 999.7 31.10 0.688 6
35244.906 7999.7 -39.20 50.001 5
35366.104 1000.1 19.75 0.714 6
35408.658 2900.4 -113.32 12.009 2
35416.672 9198.9 50.81 0.390 1
35540.336 6501.0 11.41 0.491 3
35766.104 999.7 24.07 0.701 6
35863.658 2899.4 -122.78 12.007 2
35932.672 9200.0 39.56 0.427 1
35948.906 7999.0 -21.81 50.009 5
36006.336 6499.3 10.90 0.466 3
36216.104 1000.2 31.42 0.706 6
36318.658 2900.0 -116.06 12.009 2
36448.672 9200.3 37.60 0.420 1
36572.336 6499.7 -1.47 0.484 3
36652.906 8000.3 -40.12 49.981 5
36773.658 2900.1 -120.02 11.995 2
36816.104 999.3 16.73 0.703 6
36848.932 12199.3 74.23 4.010 4
36964.672 9200.5 40.67 0.397 1
37038.336 6499.8 11.38 0.506 3
37166.104 1000.1 29.60 0.693 6
37228.658 2900.4 -123.50 12.024 2
37348.612 5732.4 25.94 36.966 0
37356.906 7999.5 -30.21 50.010 5
37480.672 9199.7 45.61 0.391 1
37566.104 1000.8 24.87 0.690 6
37604.336 6500.0 11.45 0.473 3
37683.658 2900.1 -113.31 11.993 2
37946.683 1821.5 12.24 45.397 0
37996.672 9200.9 41.02 0.380 1
38016.104 1000.2 33.17 0.665 6
38070.336 6499.8 8.95 0.505 3
38092.906 8000.4 -35.41 50.031 5
38138.658 2900.4 -117.09 11.971 2
38512.672 9199.3 42.56 0.386 1
38593.658 2899.7 -128.76 12.017 2
38616.104 999.7 29.02 0.690 6
38636.336 6500.0 9.29 0.488 3
38828.906 7999.8 -25.90 49.976 5
38966.104 1000.5 35.29 0.743 6
39028.672 9199.7 40.12 0.371 1
39048.658 2900.2 -114.79 12.037 2
39102.336 6500.0 3.58 0.488 3
39366.104 1001.0 31.69 0.675 6
39503.658 2900.2 -125.37 11.981 2
39544.672 9200.5 41.90 0.424 1
39564.906 8001.1 -33.87 50.054 5
39668.336 6500.0 10.41 0.522 3
39740.913 12199.1 73.77 4.005 4
39816.104 1000.4 30.57 0.700 6
39958.658 2899.4 -120.89 11.998 2
40060.672 9200.0 39.98 0.432 1
40134.336 6500.0 17.51 0.504 3
40232.723 5883.1 -81.71 23.700 0
40300.906 8000.1 -35.67 49.991 5
40413.658 2900.1 -116.66 11.986 2
40416.104 1000.0 25.13 0.707 6
40576.672 9201.0 46.84 0.375 1
40700.336 6498.8 9.11 0.527 3
40766.104 999.6 33.14 0.724 6
40868.658 2899.8 -121.50 11.992 2
41036.906 8000.5 -31.70 50.017 5
41092.672 9200.1 48.97 0.376 1
41166.104 1000.2 41.90 0.753 6
41166.336 6500.2 7.39 0.481 3
41323.658 2899.0 -114.41 12.001 2
41608.672 9199.7 42.60 0.365 1
41616.104 1001.0 21.45 0.692 6
41732.336 6499.3 6.96 0.523 3
41772.906 7999.4 -32.06 49.983 5
41778.658 2900.5 -116.19 11.975 2
42124.672 9199.8 43.96 0.381 1
42198.336 6498.9 20.09 0.518 3
42216.104 999.0 24.88 0.682 6
42233.658 2899.8 -127.88 11.994 2
42412.906 7998.6 -39.68 50.008 5
42440.222 12200.1 80.81 4.013 4
42566.104 1000.5 38.32 0.721 6
42640.672 9199.5 42.09 0.338 1
42688.658 2899.6 -122.36 11.971 2
42760.485 9969.1 16.31 31.116 0
42764.336 6500.7 3.22 0.440 3
42835.760 7970.4 137.35 41.615 0
42857.530 2398.6 -78.91 36.240 0
42966.104 1000.1 32.56 0.704 6
43052.906 8000.1 -27.73 49.975 5
43143.658 2899.8 -118.59 11.989 2
43156.672 9199.4 47.66 0.377 1
43230.336 6499.4 14.22 0.498 3
43416.104 1000.8 28.52 0.740 6
43598.658 2900.1 -122.87 11.976 2
43672.672 9200.3 45.45 0.426 1
43692.906 8000.1 -41.96 49.987 5
43796.336 6500.1 10.56 0.531 3
44016.104 999.9 33.91 0.715 6
44053.658 2900.8 -121.08 11.979 2
44188.672 9200.3 52.97 0.393 1
44262.336 6499.6 19.60 0.516 3
44332.906 8000.4 -24.12 49.995 5
44366.104 998.9 31.66 0.687 6
44508.658 2899.9 -116.00 11.966 2
44766.104 1001.0 26.74 0.696 6
44828.336 6499.7 16.56 0.491 3
44963.658 2900.2 -118.42 12.024 2
44972.906 7999.7 -31.65 49.987 5
45216.104 999.4 26.66 0.708 6
45220.672 9199.6 46.81 0.390 1
45294.336 6500.2 9.56 0.495 3
45307.322 12200.1 80.26 4.019 4
45418.658 2900.7 -124.60 12.010 2
45612.906 7999.4 -25.23 49.995 5
45736.672 9200.8 47.22 0.435 1
45816.104 1000.4 34.28 0.710 6
45860.336 6499.5 2.29 0.474 3
45873.658 2900.3 -119.13 11.962 2
46166.104 999.9 31.72 0.677 6
46252.672 9199.9 43.20 0.404 1
46252.906 7999.2 -33.00 50.020 5
46326.336 6500.2 17.15 0.504 3
46328.658 2900.5 -123.06 11.988 2
46566.104 1000.0 35.39 0.662 6
46768.672 9200.8 47.92 0.392 1
46783.658 2899.8 -126.08 11.987 2
46892.336 6500.2 17.29 0.464 3
46956.906 8000.3 -33.97 49.974 5
47016.104 1000.1 33.27 0.668 6
47238.658 2900.4 -125.65 11.986 2
47284.672 9199.8 37.81 0.451 1
47358.336 6500.6 4.48 0.480 3
47374.370 6390.6 47.09 9.251 0
47616.104 999.7 26.93 0.712 6
47660.906 8000.4 -26.74 49.976 5
47693.658 2900.0 -118.57 11.971 2
47800.672 9199.6 55.59 0.394 1
47924.336 6499.8 13.73 0.522 3
47966.104 1000.1 37.62 0.697 6
48131.486 12201.1 80.82 3.983 4
48148.658 2900.5 -120.14 12.015 2
48316.672 9200.1 38.29 0.376 1
48364.906 7999.6 -32.92 50.001 5
48366.104 1000.2 25.38 0.663 6
48390.336 6500.5 6.00 0.500 3
48603.658 2899.5 -119.97 11.992 2
48816.104 1000.4 27.73 0.689 6
48832.672 9200.5 49.60 0.404 1
49058.658 2899.6 -125.73 12.009 2
49068.906 7999.7 -37.74 49.989 5
49348.672 9200.1 39.39 0.399 1
49416.104 1000.1 26.09 0.661 6
49422.336 6500.8 1.95 0.498 3
49513.658 2900.6 -120.92 12.011 2
49766.104 1000.2 22.99 0.695 6
49772.906 7999.6 -30.44 49.980 5
49864.672 9199.7 50.75 0.421 1
49968.658 2899.9 -125.19 12.028 2
49988.336 6500.3 14.66 0.555 3
50166.104 1000.7 33.11 0.683 6
50380.672 9199.3 43.08 0.382 1
50423.658 2899.8 -124.63 11.964 2
50454.336 6500.2 11.36 0.521 3
50476.906 7999.1 -36.89 50.003 5
50616.104 999.5 24.74 0.689 6
50878.658 2900.0 -120.83 12.035 2
50896.672 9199.3 45.79 0.416 1
50970.022 6000.1 -53.34 1.065 0
50980.024 12199.9 87.95 3.975 4
51020.336 6501.4 12.47 0.484 3
51180.906 8000.1 -30.06 49.989 5
51216.104 1000.0 26.58 0.698 6
51333.658 2899.7 -126.92 12.025 2
51412.672 9200.3 45.27 0.417 1
51486.336 6501.1 17.26 0.533 3
51566.104 1000.2 34.71 0.704 6
51788.658 2900.7 -116.65 12.011 2
51916.906 8000.4 -23.11 50.007 5
51928.672 9200.5 50.50 0.387 1
51966.104 1000.5 34.33 0.701 6
52052.336 6499.6 13.34 0.498 3
52243.658 2899.4 -107.57 12.048 2
52416.104 1000.0 26.89 0.726 6
52444.672 9199.9 43.39 0.403 1
52518.336 6500.5 12.92 0.515 3
52652.906 7999.9 -25.19 49.999 5
52698.658 2899.9 -117.71 12.004 2
52960.672 9199.5 30.16 0.383 1
53016.104 1000.0 23.46 0.748 6
53153.658 2900.2 -125.21 12.016 2
53366.104 999.8 29.48 0.717 6
53388.906 7999.3 -29.99 49.996 5
53428.548 12200.5 77.10 3.977 4
53550.336 6500.0 4.68 0.481 3
53608.658 2899.9 -121.36 11.985 2
53766.104 1000.6 22.01 0.696 6
53992.672 9199.4 45.92 0.386 1
54063.658 2899.6 -127.78 12.023 2
54116.336 6500.1 9.83 0.516 3
54124.906 7999.9 -30.83 49.999 5
54508.672 9199.6 42.80 0.391 1
54518.658 2899.6 -121.89 12.003 2
54582.336 6500.2 3.97 0.485 3
54816.104 1000.3 28.06 0.685 6
54860.906 8000.7 -31.58 50.020 5
54973.658 2900.2 -117.46 11.991 2
55024.672 9200.3 48.85 0.379 1
55148.336 6500.5 5.50 0.484 3
55166.104 999.9 29.21 0.683 6
55428.658 2899.5 -117.05 12.042 2
55540.672 9198.9 50.08 0.393 1
55566.104 1000.0 27.22 0.683 6
55596.906 8001.1 -33.19 50.026 5
55614.336 6500.1 9.54 0.518 3
55883.658 2900.3 -125.16 11.994 2
56016.104 999.4 29.27 0.706 6
56056.672 9200.2 44.26 0.400 1
56157.250 12200.6 83.76 4.037 4
56180.336 6500.2 15.31 0.477 3
56236.906 8000.1 -28.22 49.997 5
56318.989 8535.0 179.62 37.040 0
56338.658 2899.2 -118.50 12.000 2
56572.672 9199.7 37.55 0.415 1
56616.104 1000.0 36.91 0.725 6
56646.336 6500.7 20.29 0.472 3
56793.658 2899.7 -114.22 11.996 2
56876.906 7999.6 -30.79 49.979 5
56966.104 1000.0 33.14 0.744 6
57088.672 9200.1 51.92 0.388 1
57212.336 6500.2 4.57 0.511 3
57248.658 2900.0 -111.22 11.985 2
57366.104 999.3 36.90 0.726 6
57516.906 7999.0 -31.91 49.970 5
57604.672 9200.0 50.42 0.396 1
57678.336 6500.3 10.87 0.461 3
57703.658 2899.4 -123.50 12.011 2
57816.104 999.6 34.48 0.714 6
58120.672 9200.1 43.50 0.372 1
58156.906 7999.2 -28.65 49.955 5
58158.658 2900.3 -124.32 12.015 2
58244.336 6500.5 9.65 0.485 3
58416.104 999.8 31.16 0.686 6
58613.658 2900.0 -119.73 12.007 2
58636.672 9200.3 55.54 0.383 1
58710.336 6500.8 12.64 0.493 3
58766.104 999.2 23.93 0.702 6
58796.906 8000.0 -40.09 49.976 5
59068.658 2899.5 -134.64 11.953 2
59152.672 9199.6 43.26 0.455 1
59166.104 999.4 23.32 0.711 6
59198.364 12200.0 81.92 3.979 4
59276.336 6500.6 12.91 0.473 3
59436.906 8000.1 -20.22 49.983 5
59523.658 2899.2 -122.66 12.020 2
59616.104 1000.7 29.90 0.698 6
59668.672 9200.7 39.31 0.421 1
59742.336 6500.2 11.81 0.478 3
59978.658 2899.2 -121.35 11.993 2
60184.672 9200.4 44.22 0.384 1
60216.104 999.5 27.96 0.737 6
60308.336 6500.1 5.16 0.513 3
60433.658 2900.0 -122.30 11.976 2
60566.104 999.6 25.33 0.684 6
60700.672 9200.4 50.39 0.373 1
60774.336 6499.4 11.97 0.506 3
60780.906 7999.9 -36.97 49.962 5
60888.658 2899.4 -127.92 12.012 2
60945.212 10066.2 148.76 43.546 0
61216.672 9200.6 40.31 0.380 1
61340.336 6500.1 14.46 0.481 3
61343.658 2899.3 -121.23 12.011 2
61416.104 1000.6 36.12 0.708 6
61484.906 7999.2 -29.42 50.029 5
61732.672 9200.4 54.76 0.400 1
61798.658 2899.9 -123.88 11.979 2
61806.336 6499.5 7.43 0.511 3
62016.104 1000.5 29.66 0.740 6
62188.906 7999.2 -35.65 50.021 5
62248.672 9200.4 40.52 0.401 1
62253.658 2901.1 -116.21 12.049 2
62353.073 12200.0 91.83 3.995 4
62366.104 1000.2 30.43 0.664 6
62372.336 6499.5 19.89 0.530 3
62708.658 2900.1 -124.59 11.976 2
62764.672 9200.0 49.77 0.385 1
62766.104 1000.0 27.27 0.683 6
62838.336 6500.3 8.83 0.474 3
62892.906 8000.1 -32.70 50.025 5
63163.658 2900.4 -121.41 11.965 2
63216.104 999.8 26.56 0.726 6
63280.672 9199.3 47.72 0.374 1
63404.336 6499.9 6.83 0.501 3
63596.906 7999.6 -34.48 49.990 5
63618.658 2900.1 -121.16 11.977 2
63796.672 9199.9 44.23 0.428 1
63816.104 999.9 39.87 0.686 6
63870.336 6500.2 11.48 0.540 3
64073.658 2900.4 -117.16 12.028 2
64166.104 999.7 23.72 0.741 6
64300.906 8000.7 -24.54 50.005 5
64312.672 9199.6 50.40 0.409 1
64436.336 6499.7 8.71 0.512 3
64528.658 2899.3 -132.73 11.996 2
64566.104 1000.3 29.19 0.684 6
64828.672 9199.3 37.50 0.393 1
64902.336 6500.6 3.16 0.516 3
64983.658 2899.8 -121.70 11.993 2
65004.906 7999.3 -39.60 49.981 5
65016.104 1000.3 27.76 0.721 6
65321.059 12199.8 72.99 3.996 4
65344.672 9200.1 51.79 0.396 1
65438.658 2900.1 -116.20 11.999 2
65468.336 6500.1 9.87 0.496 3
65616.104 1000.5 29.45 0.698 6
65740.906 8000.8 -31.77 50.031 5
65860.672 9199.7 44.68 0.389 1
65893.658 2900.0 -121.81 11.988 2
65934.336 6500.6 17.98 0.484 3
65966.104 1001.0 35.23 0.709 6
66348.658 2899.9 -127.63 11.986 2
66366.104 1000.4 34.97 0.679 6
66376.672 9199.5 42.29 0.341 1
66476.906 7999.7 -38.25 49.976 5
66500.336 6500.3 20.01 0.523 3
66803.658 2899.7 -118.37 11.987 2
66816.104 1000.3 29.30 0.668 6
66892.672 9199.5 48.75 0.402 1
66966.336 6500.1 7.16 0.513 3
67212.906 8000.1 -30.10 49.990 5
67258.658 2899.9 -118.32 12.014 2
67408.672 9200.1 50.30 0.379 1
67416.104 1000.5 35.62 0.716 6
67532.336 6499.8 14.53 0.499 3
67713.658 2899.6 -121.35 12.020 2
67766.104 999.2 26.17 0.689 6
67924.672 9200.2 48.85 0.380 1
67948.906 8000.1 -31.59 50.028 5
67998.336 6500.0 10.66 0.491 3
68166.104 1000.0 31.78 0.682 6
68168.658 2898.8 -125.80 11.979 2
68229.229 12200.9 77.27 4.021 4
68440.672 9200.7 55.00 0.387 1
68564.336 6500.4 11.42 0.465 3
68616.104 999.2 38.90 0.678 6
68623.658 2899.4 -123.70 12.005 2
68684.906 7999.8 -37.03 50.050 5
68956.672 9200.0 50.40 0.415 1
68973.717 7142.5 -72.70 32.792 0
69030.336 6500.3 16.34 0.503 3
69078.658 2900.2 -121.57 12.016 2
69216.104 1000.8 27.11 0.679 6
69420.906 7999.0 -22.80 49.998 5
69472.672 9200.5 51.42 0.377 1
69533.658 2900.8 -124.38 11.978 2
69566.104 999.8 31.03 0.727 6
69596.336 6499.4 14.26 0.486 3
69966.104 1000.9 37.49 0.682 6
69988.658 2900.9 -129.60 11.990 2
69988.672 9200.7 42.30 0.371 1
70060.906 7999.8 -22.18 49.992 5
70062.336 6500.5 10.77 0.497 3
70416.104 1000.5 25.79 0.689 6
70443.658 2900.0 -123.85 11.979 2
70504.672 9200.6 45.53 0.413 1
70628.336 6499.9 5.36 0.513 3
70700.906 8000.8 -32.82 49.950 5
70898.658 2900.4 -120.31 11.974 2
71016.104 999.7 30.32 0.739 6
71020.672 9198.8 47.81 0.415 1
71094.336 6500.4 4.38 0.516 3
71340.906 7999.4 -27.39 50.034 5
71353.658 2900.5 -122.54 12.002 2
71366.104 999.2 28.43 0.691 6
71496.454 12199.2 77.72 3.965 4
71536.672 9200.6 44.91 0.381 1
71660.336 6499.7 9.68 0.514 3
71766.104 999.4 24.42 0.700 6
71808.658 2899.7 -120.38 11.985 2
72052.672 9200.2 46.51 0.411 1
72126.336 6500.3 11.62 0.545 3
72216.104 1000.5 32.02 0.707 6
72263.658 2899.2 -119.58 12.013 2
72568.672 9200.2 47.13 0.394 1
72620.906 7999.9 -28.78 49.962 5
72692.336 6499.6 12.52 0.523 3
72718.658 2900.0 -115.52 11.999 2
72816.104 999.8 25.78 0.694 6
73084.672 9200.2 49.22 0.406 1
73158.336 6500.1 13.91 0.485 3
73166.104 999.3 38.28 0.686 6
73173.658 2899.1 -108.98 12.008 2
73260.906 7999.8 -22.34 50.017 5
73566.104 999.9 30.10 0.726 6
73600.672 9200.2 44.49 0.375 1
73628.658 2899.8 -116.34 11.994 2
73724.336 6499.9 14.90 0.484 3
73900.906 7999.4 -31.34 50.012 5
74016.104 1000.8 28.95 0.706 6
74083.658 2900.3 -127.02 11.987 2
74116.672 9200.2 43.25 0.417 1
74147.078 11582.1 -40.67 21.994 0
74152.323 3220.2 104.03 0.708 0
74185.110 7184.3 -56.19 49.890 0
74190.336 6499.9 -2.02 0.547 3
74296.540 6236.8 82.43 45.731 0
74538.658 2899.3 -133.28 11.998 2
74604.906 7999.6 -21.04 49.993 5
74616.104 1000.8 30.20 0.687 6
74632.672 9199.8 40.86 0.424 1
74756.336 6499.7 14.52 0.487 3
74903.688 12200.0 86.60 3.999 4
74966.104 999.8 30.51 0.672 6
74993.658 2900.0 -120.47 12.000 2
75148.672 9199.0 40.54 0.413 1
75222.336 6499.9 4.76 0.499 3
75308.906 7999.8 -31.44 49.989 5
75366.104 1000.2 29.00 0.677 6
75448.658 2900.6 -119.64 11.986 2
75664.672 9199.9 50.86 0.411 1
75788.336 6499.1 15.57 0.535 3
75816.104 1000.3 30.29 0.680 6
75903.658 2900.2 -125.81 12.009 2
76012.906 7999.8 -30.47 50.015 5
76180.672 9199.6 44.58 0.325 1
76254.336 6500.4 11.68 0.534 3
76260.913 11480.0 116.60 31.705 0
76358.658 2900.3 -118.64 12.015 2
76416.104 999.3 27.13 0.657 6
76716.906 8000.1 -20.55 50.005 5
76766.104 999.7 27.50 0.723 6
76811.880 1237.0 -137.78 46.321 0
76813.658 2900.5 -123.83 12.003 2
76820.336 6500.5 13.15 0.499 3
77166.104 999.8 32.64 0.702 6
77212.672 9199.9 38.51 0.399 1
77268.658 2900.9 -117.99 12.034 2
77420.906 8000.4 -28.62 50.010 5
77616.104 1000.2 19.32 0.711 6
77723.658 2900.1 -121.63 11.987 2
77728.672 9200.0 35.31 0.397 1
77852.336 6499.3 11.41 0.467 3
78124.906 8000.2 -40.16 50.025 5
78162.677 5394.0 -88.78 35.663 0
78178.658 2900.6 -118.01 12.010 2
78216.104 999.7 26.00 0.672 6
78243.728 12200.7 75.90 4.024 4
78244.672 9199.6 39.75 0.387 1
78318.336 6499.7 0.66 0.482 3
78566.104 999.3 30.04 0.690 6
78633.658 2900.0 -128.72 11.992 2
78760.672 9199.7 50.73 0.401 1
78828.906 8000.2 -28.88 50.024 5
78884.336 6500.5 15.48 0.493 3
78966.104 1000.2 31.71 0.695 6
79088.658 2899.7 -122.19 12.005 2
79276.672 9200.0 50.34 0.408 1
79350.336 6500.3 8.35 0.500 3
79416.104 999.7 28.05 0.702 6
79543.658 2900.2 -120.74 11.983 2
79564.906 8000.8 -36.41 50.015 5
79792.672 9199.3 46.66 0.395 1
79916.336 6499.8 -2.95 0.494 3
79998.658 2899.7 -127.12 12.022 2
