17.752 8000.2 -35.37 50.002 4
411.983 10209.7 -69.23 10.105 0
844.672 9200.3 49.00 0.374 1
1297.752 8000.2 -31.69 50.004 4
1360.672 9200.1 42.64 0.388 1
1621.820 6500.2 7.46 0.465 2
1786.635 10402.6 -60.54 2.270 0
1836.571 8507.7 -0.72 37.294 0
1876.672 9199.7 44.02 0.391 1
1937.752 8000.0 -34.07 49.996 4
2392.672 9200.2 42.17 0.412 1
2577.752 7999.2 -19.19 49.988 4
3424.672 9200.5 45.55 0.388 1
3940.672 9199.6 53.09 0.368 1
5201.752 8000.6 -35.06 49.978 4
5283.820 6500.3 -3.28 0.486 2
5749.820 6500.0 9.53 0.487 2
6520.672 9199.9 48.11 0.374 1
6609.752 7999.9 -38.90 50.002 4
6781.820 6499.2 4.19 0.520 2
7153.598 12200.1 76.27 3.972 3
7313.752 7999.9 -34.00 50.006 4
7347.820 6499.2 11.36 0.479 2
7552.672 9199.6 55.82 0.428 1
8379.820 6499.4 12.01 0.516 2
8584.672 9199.8 49.86 0.446 1
9411.820 6499.9 11.99 0.490 2
9425.752 8001.0 -30.95 50.011 4
10132.672 9199.9 43.38 0.396 1
10443.820 6500.1 7.81 0.474 2
11475.820 6500.1 2.88 0.485 2
12196.672 9200.5 43.76 0.383 1
12507.820 6499.3 7.30 0.499 2
12712.672 9200.0 30.55 0.461 1
13539.820 6500.1 6.68 0.494 2
13744.672 9199.5 46.33 0.360 1
14260.672 9199.8 43.23 0.387 1
14481.752 8000.2 -29.09 50.014 4
14776.672 9200.1 49.29 0.414 1
15037.820 6499.7 11.52 0.500 2
15121.752 7999.4 -33.74 50.006 4
15603.820 6499.9 10.96 0.486 2
15761.752 7999.8 -32.88 49.983 4
16324.672 9199.9 38.04 0.420 1
16401.752 8000.1 -23.86 50.024 4
16635.820 6498.8 3.17 0.515 2
16840.672 9200.3 52.43 0.397 1
17356.672 9200.1 50.94 0.391 1
17456.507 8813.0 -25.17 30.544 0
17681.752 7999.0 -32.65 50.020 4
18388.672 9199.7 56.09 0.386 1
19025.752 8000.9 -27.06 49.971 4
19165.820 6500.0 9.78 0.492 2
19420.672 9200.4 39.90 0.424 1
19936.672 9200.7 44.82 0.432 1
20197.820 6500.5 9.82 0.483 2
20433.752 7999.5 -26.34 50.024 4
20763.820 6499.7 9.83 0.522 2
21137.752 8000.2 -31.88 49.988 4
21229.820 6499.2 6.74 0.504 2
21795.820 6500.0 4.73 0.524 2
21841.752 7998.9 -18.85 49.976 4
22000.672 9200.4 41.18 0.381 1
22516.672 9200.1 50.45 0.338 1
22827.820 6499.8 15.36 0.490 2
23032.672 9199.8 48.41 0.377 1
23293.820 6500.3 11.87 0.482 2
23824.582 12071.2 176.99 21.956 0
23985.752 8000.2 -36.08 49.975 4
24064.672 9201.0 51.12 0.393 1
24721.752 8000.6 -44.10 50.009 4
24891.820 6500.6 4.10 0.498 2
25096.672 9200.7 52.54 0.390 1
25357.820 6500.2 12.55 0.500 2
25457.752 8000.6 -29.32 50.016 4
25612.672 9200.2 45.45 0.435 1
26193.752 8000.2 -28.69 49.989 4
26282.570 6539.2 -168.86 47.123 0
26389.820 6500.5 8.33 0.489 2
26746.458 12200.0 88.58 3.978 3
27160.672 9200.3 51.11 0.451 1
28305.752 7999.9 -36.46 49.998 4
28453.820 6500.0 9.53 0.500 2
28708.672 9200.2 51.26 0.404 1
29019.820 6499.7 15.78 0.499 2
29224.672 9200.3 52.29 0.399 1
29485.820 6500.2 2.55 0.509 2
29515.097 12200.8 79.73 4.013 3
30225.752 8000.3 -26.45 50.010 4
30517.820 6499.7 8.46 0.500 2
31255.909 11185.7 -145.16 22.072 0
31288.672 9199.4 45.85 0.417 1
31505.752 8000.3 -32.64 50.010 4
31549.820 6498.9 10.73 0.500 2
32581.820 6499.4 5.44 0.510 2
33868.672 9200.8 44.27 0.386 1
34257.752 8000.1 -25.77 49.999 4
34384.672 9200.7 41.89 0.391 1
34961.752 8000.1 -31.12 49.999 4
35665.752 7998.9 -37.11 49.992 4
35677.820 6500.3 5.70 0.517 2
35932.672 9200.0 45.66 0.400 1
36369.752 8000.1 -30.99 49.972 4
36448.672 9200.3 50.03 0.415 1
36709.820 6499.8 13.85 0.499 2
36855.717 8631.1 -84.85 17.043 0
36964.672 9200.5 39.62 0.388 1
37275.820 6500.4 7.52 0.524 2
37809.752 7999.9 -19.35 50.003 4
38545.752 7999.9 -28.65 50.004 4
38773.820 6500.3 10.04 0.507 2
39281.752 7999.4 -33.94 50.044 4
39339.820 6499.7 19.54 0.505 2
39544.672 9200.5 47.85 0.421 1
39805.820 6500.4 11.79 0.513 2
40060.672 9200.0 42.19 0.384 1
40576.672 9201.0 45.56 0.373 1
40753.752 8000.8 -37.73 50.020 4
40837.820 6499.2 24.37 0.501 2
41092.672 9200.1 44.74 0.380 1
41403.820 6499.6 9.14 0.511 2
41489.752 7999.9 -30.44 50.024 4
42171.484 12199.3 78.17 4.030 3
42435.820 6499.9 11.15 0.483 2
42640.672 9199.5 41.99 0.385 1
43467.820 6499.5 4.17 0.490 2
43672.672 9200.3 53.89 0.428 1
44188.672 9200.3 47.13 0.409 1
44499.820 6499.9 12.25 0.503 2
44965.820 6500.1 -5.99 0.502 2
45220.672 9199.6 44.39 0.396 1
45403.243 12200.1 79.97 3.974 3
45531.820 6500.2 4.54 0.524 2
45969.752 8001.0 -34.12 50.028 4
46673.752 8000.7 -23.48 49.998 4
47029.820 6500.7 1.87 0.491 2
47284.672 9199.8 49.15 0.379 1
47800.672 9199.6 55.25 0.380 1
48061.820 6500.1 2.95 0.493 2
48098.547 12199.1 78.38 4.001 3
48627.820 6500.0 7.38 0.495 2
48785.752 8000.7 -33.33 50.011 4
49348.672 9200.1 42.95 0.377 1
49659.820 6499.4 10.42 0.491 2
50193.752 7999.4 -28.88 50.006 4
50380.672 9199.3 42.95 0.413 1
50897.752 8000.4 -31.72 50.015 4
51157.820 6500.1 10.29 0.495 2
51723.820 6500.4 9.57 0.513 2
51928.672 9200.5 46.57 0.411 1
52444.672 9199.9 42.62 0.394 1
53105.752 7999.2 -22.39 49.992 4
53221.820 6500.2 12.21 0.511 2
53520.139 12200.6 90.96 4.012 3
53841.752 8000.5 -36.40 50.017 4
54819.820 6499.6 16.91 0.513 2
55285.820 6499.1 3.57 0.508 2
55313.752 8000.2 -31.09 50.005 4
55540.672 9198.9 45.60 0.411 1
55851.365 10362.5 -37.59 40.496 0
55851.820 6499.5 10.90 0.505 2
55953.752 8000.7 -32.06 50.013 4
56593.752 8000.3 -36.46 50.019 4
56883.820 6500.7 6.61 0.514 2
57088.672 9200.1 48.52 0.399 1
57185.923 11939.1 122.17 21.867 0
57233.752 8000.3 -33.76 49.983 4
57604.672 9200.0 53.19 0.397 1
57915.820 6499.8 4.76 0.490 2
58120.672 9200.1 49.01 0.387 1
58381.820 6500.5 11.86 0.497 2
59152.672 9199.6 43.13 0.408 1
59413.820 6499.4 15.82 0.481 2
59543.289 12199.8 81.54 3.996 3
59979.820 6500.6 8.32 0.462 2
60184.672 9200.4 48.30 0.391 1
60445.820 6500.2 15.23 0.486 2
61216.672 9200.6 49.04 0.378 1
61905.752 8000.5 -21.60 50.021 4
62248.672 9200.4 43.33 0.404 1
62509.820 6500.2 12.25 0.500 2
62764.672 9200.0 45.43 0.384 1
62975.553 12199.9 80.01 3.984 3
63280.672 9199.3 47.61 0.394 1
64107.820 6499.9 6.17 0.512 2
64312.672 9199.6 46.26 0.414 1
64573.820 6500.1 14.62 0.465 2
64721.752 8000.0 -37.88 50.022 4
64828.672 9199.3 53.43 0.407 1
66193.752 8000.3 -26.14 49.995 4
66892.672 9199.5 38.44 0.419 1
66929.752 8000.2 -31.01 50.035 4
67203.820 6499.8 14.69 0.494 2
67665.752 7999.5 -32.14 49.967 4
68440.672 9200.7 43.25 0.392 1
69137.752 8000.4 -37.52 50.010 4
69777.752 7999.7 -30.47 50.012 4
70417.752 8001.0 -27.26 50.005 4
70765.820 6500.2 18.17 0.496 2
71057.752 7999.9 -29.88 50.004 4
71331.820 6500.2 16.14 0.516 2
71536.672 9200.6 48.60 0.395 1
72337.752 8000.1 -30.11 49.977 4
72977.752 7999.9 -25.96 49.975 4
73172.110 7648.1 -9.96 19.176 0
73395.820 6499.3 11.46 0.488 2
73617.752 7999.3 -28.21 50.003 4
73861.820 6500.4 4.81 0.476 2
74321.752 8000.0 -28.41 50.001 4
74427.820 6500.9 4.88 0.477 2
74632.672 9199.8 56.31 0.366 1
75025.752 8000.8 -28.46 50.003 4
75459.820 6499.9 9.50 0.499 2
75664.672 9199.9 46.25 0.405 1
76180.672 9199.6 39.40 0.429 1
76433.752 7999.7 -36.21 49.988 4
76696.672 9200.5 49.17 0.406 1
77137.752 8000.5 -31.55 50.015 4
77523.820 6499.4 10.72 0.479 2
78100.658 9304.9 -144.43 16.485 0
78318.979 7525.8 -88.39 13.886 0
79021.820 6499.7 10.83 0.472 2
79276.672 9200.0 53.79 0.434 1
79394.338 12200.0 74.52 3.965 3
80619.820 6499.1 14.14 0.509 2
80753.752 8000.1 -35.42 49.991 4
81489.752 7999.5 -33.73 50.026 4
81651.820 6500.3 4.02 0.495 2
81856.672 9198.8 48.08 0.382 1
82225.752 7999.4 -31.02 49.984 4
82888.672 9199.9 48.07 0.399 1
82961.752 8000.0 -27.93 50.033 4
83149.820 6499.7 14.08 0.510 2
83715.820 6499.7 6.51 0.512 2
83920.672 9199.9 45.00 0.404 1
84241.752 8000.3 -24.16 50.017 4
84747.820 6500.4 6.02 0.506 2
84881.752 8000.4 -27.93 50.009 4
85468.672 9200.0 41.32 0.372 1
85521.752 8000.5 -33.93 49.969 4
85779.820 6500.2 8.51 0.535 2
86161.752 7998.8 -32.36 50.004 4
86488.034 12199.5 84.60 3.997 3
86801.752 8000.5 -28.86 49.971 4
87016.672 9200.5 38.09 0.392 1
87277.820 6499.1 9.23 0.501 2
87532.672 9200.5 52.42 0.384 1
87843.820 6500.9 1.30 0.441 2
88875.820 6500.3 14.81 0.495 2
89553.752 8000.3 -29.25 50.019 4
89907.820 6500.1 3.10 0.468 2
90112.672 9199.9 55.24 0.416 1
90257.752 7999.7 -30.13 49.997 4
90628.672 9199.3 46.89 0.407 1
91144.672 9200.5 50.10 0.392 1
91405.820 6500.6 13.13 0.515 2
91665.752 7999.1 -34.93 49.979 4
92176.672 9199.9 50.43 0.427 1
92369.752 8000.5 -26.99 49.975 4
92437.820 6499.8 14.49 0.494 2
93105.752 7999.8 -39.26 49.994 4
93208.672 9199.5 45.41 0.388 1
93469.820 6499.8 6.94 0.511 2
94035.820 6500.0 12.37 0.449 2
94501.820 6499.9 9.52 0.493 2
94577.752 8000.5 -28.72 50.010 4
94756.672 9199.8 53.21 0.405 1
95067.820 6499.6 7.05 0.515 2
95313.752 8000.8 -30.00 50.007 4
95533.820 6500.3 -2.56 0.493 2
95788.672 9199.8 43.98 0.378 1
96049.752 7999.6 -40.66 49.974 4
97131.820 6498.8 1.29 0.507 2
97336.672 9199.8 46.13 0.402 1
97425.752 7999.6 -25.51 49.999 4
97597.820 6500.5 13.00 0.495 2
98629.820 6499.4 11.39 0.485 2
98884.672 9200.5 54.63 0.380 1
98928.336 12200.4 87.94 4.045 3
99195.820 6500.3 14.73 0.494 2
99661.820 6500.3 6.30 0.482 2
99916.672 9199.9 47.24 0.380 1
99985.752 8000.1 -27.44 50.052 4
